0,0,0,0,0,0,0,0,0,0,0,0,0,0,0,0,0,0,0,0,0,0,0,0,0,0,0,0,0,0,0,0,0,0,0,0,0,0,0,0,0,0,0,0,0,0,0,0,0,0,0,0,0,0,0,0,0,0,0,0,0,0,0,0,0,0,0,0,0,0,0,0,0,0,0,0,0,0,0,0,0,0,0,0,0,0,0,0,0,0,0,0,0,0,0,0,0,0,0,0,0,0,0,0,0,0,0,0,0,0,0,0,0,0,0,0,0,0,0,0,0,0,0,0,0,0,0,0,0,0,0,0,0,0,0,0,0,0,0,0,0,0,0,0,0,0,0,0,0,0,0,0,0,0,0,0,0,0,0,0,0
0,4.43463e-30,8.85943e-30,1.33041e-29,1.77193e-29,2.21743e-29,2.65801e-29,3.10455e-29,3.54423e-29,3.99184e-29,4.43065e-29,4.87934e-29,5.31784e-29,5.76817e-29,6.20532e-29,6.65623e-29,7.09314e-29,7.54573e-29,7.98137e-29,8.43456e-29,8.87006e-29,9.32496e-29,9.75928e-29,1.02159e-28,1.06512e-28,1.11096e-28,1.15439e-28,1.20018e-28,1.2435e-28,1.28947e-28,1.3327e-28,1.37885e-28,1.42219e-28,1.46852e-28,1.51178e-28,1.55808e-28,1.60127e-28,1.64775e-28,1.69087e-28,1.73755e-28,1.78082e-28,1.8277e-28,1.87115e-28,1.91822e-28,1.96163e-28,2.00913e-28,2.05273e-28,2.10043e-28,2.144e-28,2.1917e-28,2.23547e-28,2.28337e-28,2.32713e-28,2.37503e-28,2.41858e-28,2.46669e-28,2.51026e-28,2.55838e-28,2.60219e-28,2.65055e-28,2.69441e-28,2.74322e-28,2.78737e-28,2.83642e-28,2.88064e-28,2.92974e-28,2.97426e-28,3.02362e-28,3.06824e-28,3.11765e-28,3.16217e-28,3.21185e-28,3.25651e-28,3.30627e-28,3.35131e-28,3.40136e-28,3.44658e-28,3.49717e-28,3.54281e-28,3.59373e-28,3.63959e-28,3.69064e-28,3.73696e-28,3.78879e-28,3.83538e-28,3.88694e-28,3.93361e-28,3.98556e-28,4.03298e-28,4.08599e-28,4.13397e-28,4.18699e-28,4.23535e-28,4.28904e-28,4.33844e-28,4.3926e-28,4.44199e-28,4.49642e-28,4.54649e-28,4.60185e-28,4.65239e-28,4.70764e-28,4.75847e-28,4.81426e-28,4.86606e-28,4.92221e-28,4.97393e-28,5.03026e-28,5.08259e-28,5.13977e-28,5.1934e-28,5.25124e-28,5.30513e-28,5.36346e-28,5.41829e-28,5.47777e-28,5.53336e-28,5.59295e-28,5.64911e-28,5.7095e-28,5.76692e-28,5.82877e-28,5.88728e-28,5.94954e-28,6.00895e-28,6.0723e-28,6.13329e-28,6.19753e-28,6.25904e-28,6.324e-28,6.38672e-28,6.45307e-28,6.51684e-28,6.58355e-28,6.6482e-28,6.71598e-28,6.78224e-28,6.85096e-28,6.91786e-28,6.98742e-28,7.05571e-28,7.12688e-28,7.19732e-28,7.26993e-28,7.34144e-28,7.41516e-28,7.48806e-28,7.56284e-28,7.63564e-28,7.70824e-28,7.77722e-28,7.84279e-28,7.90033e-28,7.94768e-28,7.97753e-28,7.98536e-28,7.96428e-28,7.91099e-28,7.82443e-28,7.70972e-28,7.57864e-28
0,8.85943e-30,1.77388e-29,2.65787e-29,3.54784e-29,4.42994e-29,5.32198e-29,6.20224e-29,7.09639e-29,7.97487e-29,8.87117e-29,9.74794e-29,1.06475e-28,1.15237e-28,1.24244e-28,1.32979e-28,1.42019e-28,1.5075e-28,1.59803e-28,1.68509e-28,1.77595e-28,1.86298e-28,1.95398e-28,2.04099e-28,2.13255e-28,2.21956e-28,2.31125e-28,2.39783e-28,2.48965e-28,2.57624e-28,2.6682e-28,2.75482e-28,2.84736e-28,2.93402e-28,3.0267e-28,3.11298e-28,3.20582e-28,3.29217e-28,3.38517e-28,3.47161e-28,3.56522e-28,3.65178e-28,3.746e-28,3.83269e-28,3.92711e-28,4.01438e-28,4.10942e-28,4.19685e-28,4.29209e-28,4.37927e-28,4.47514e-28,4.56251e-28,4.65858e-28,4.74572e-28,4.84157e-28,4.92895e-28,5.02502e-28,5.11223e-28,5.20897e-28,5.29648e-28,5.39348e-28,5.48175e-28,5.57946e-28,5.66808e-28,5.76608e-28,5.85465e-28,5.95337e-28,6.04235e-28,6.14138e-28,6.23036e-28,6.32928e-28,6.41873e-28,6.51799e-28,6.60752e-28,6.7076e-28,6.79768e-28,6.89816e-28,6.98928e-28,7.09062e-28,7.18238e-28,7.28418e-28,7.3762e-28,7.47891e-28,7.57251e-28,7.67574e-28,7.76881e-28,7.87216e-28,7.96607e-28,8.07087e-28,8.16695e-28,8.27282e-28,8.36898e-28,8.47552e-28,8.57311e-28,8.68165e-28,8.78028e-28,8.88869e-28,8.98798e-28,9.09761e-28,9.1989e-28,9.30934e-28,9.41054e-28,9.5214e-28,9.62386e-28,9.73648e-28,9.83983e-28,9.95213e-28,1.0056e-27,1.01693e-27,1.02751e-27,1.03908e-27,1.04982e-27,1.06142e-27,1.07227e-27,1.08403e-27,1.09514e-27,1.10703e-27,1.11819e-27,1.13017e-27,1.14151e-27,1.15372e-27,1.16538e-27,1.17777e-27,1.18955e-27,1.20209e-27,1.21412e-27,1.22694e-27,1.23918e-27,1.25208e-27,1.26448e-27,1.2776e-27,1.29031e-27,1.3036e-27,1.31642e-27,1.32985e-27,1.34292e-27,1.35664e-27,1.36993e-27,1.38374e-27,1.39724e-27,1.41129e-27,1.42514e-27,1.43959e-27,1.45377e-27,1.46841e-27,1.48286e-27,1.49776e-27,1.5125e-27,1.52739e-27,1.54182e-27,1.55602e-27,1.56924e-27,1.58131e-27,1.59115e-27,1.59784e-27,1.5999e-27,1.5962e-27,1.58553e-27,1.56774e-27,1.54358e-27,1.51573e-27
0,1.33041e-29,2.65787e-29,3.9913e-29,5.31588e-29,6.65239e-29,7.97416e-29,9.3138e-29,1.06329e-28,1.19757e-28,1.32921e-28,1.46382e-28,1.59538e-28,1.73048e-28,1.86163e-28,1.9969e-28,2.12798e-28,2.26375e-28,2.39445e-28,2.5304e-28,2.66106e-28,2.79753e-28,2.92783e-28,3.06482e-28,3.19542e-28,3.33293e-28,3.46321e-28,3.60059e-28,3.73056e-28,3.86847e-28,3.99814e-28,4.13659e-28,4.26663e-28,4.40562e-28,4.5354e-28,4.6743e-28,4.80385e-28,4.9433e-28,5.07265e-28,5.21268e-28,5.34251e-28,5.48314e-28,5.61347e-28,5.75471e-28,5.88494e-28,6.02743e-28,6.15822e-28,6.30133e-28,6.43205e-28,6.57514e-28,6.70646e-28,6.85016e-28,6.98145e-28,7.12514e-28,7.25578e-28,7.40011e-28,7.53081e-28,7.67516e-28,7.8066e-28,7.95165e-28,8.08324e-28,8.22967e-28,8.36209e-28,8.50926e-28,8.64192e-28,8.78921e-28,8.92277e-28,9.07083e-28,9.2047e-28,9.3529e-28,9.48648e-28,9.6355e-28,9.76948e-28,9.91873e-28,1.00538e-27,1.0204e-27,1.03396e-27,1.04914e-27,1.06283e-27,1.0781e-27,1.09186e-27,1.10718e-27,1.12107e-27,1.13662e-27,1.15059e-27,1.16606e-27,1.18006e-27,1.19564e-27,1.20987e-27,1.22577e-27,1.24016e-27,1.25607e-27,1.27057e-27,1.28668e-27,1.3015e-27,1.31774e-27,1.33256e-27,1.34889e-27,1.36391e-27,1.38051e-27,1.39567e-27,1.41225e-27,1.42749e-27,1.44423e-27,1.45977e-27,1.47661e-27,1.49212e-27,1.50902e-27,1.52472e-27,1.54187e-27,1.55795e-27,1.5753e-27,1.59147e-27,1.60896e-27,1.62541e-27,1.64325e-27,1.65993e-27,1.6778e-27,1.69465e-27,1.71276e-27,1.72999e-27,1.74854e-27,1.76609e-27,1.78477e-27,1.80259e-27,1.82159e-27,1.83988e-27,1.85916e-27,1.87761e-27,1.89709e-27,1.91591e-27,1.93581e-27,1.95493e-27,1.97494e-27,1.99433e-27,2.01465e-27,2.03452e-27,2.05513e-27,2.07519e-27,2.09604e-27,2.11652e-27,2.13786e-27,2.15899e-27,2.18079e-27,2.20227e-27,2.22444e-27,2.24643e-27,2.26905e-27,2.29122e-27,2.31351e-27,2.33498e-27,2.3558e-27,2.37466e-27,2.39095e-27,2.40238e-27,2.40727e-27,2.4029e-27,2.38735e-27,2.35931e-27,2.31993e-27,2.27359e-27
0,1.77193e-29,3.54784e-29,5.31588e-29,7.09585e-29,8.8601e-29,1.06442e-28,1.24048e-28,1.41931e-28,1.59501e-28,1.77427e-28,1.94963e-28,2.12955e-28,2.30479e-28,2.48493e-28,2.65965e-28,2.84045e-28,3.01507e-28,3.19612e-28,3.37024e-28,3.55197e-28,3.72604e-28,3.90803e-28,4.08208e-28,4.26519e-28,4.43922e-28,4.62259e-28,4.79576e-28,4.9794e-28,5.15259e-28,5.33651e-28,5.50976e-28,5.69482e-28,5.86815e-28,6.05351e-28,6.22607e-28,6.41173e-28,6.58443e-28,6.77042e-28,6.94331e-28,7.13051e-28,7.30363e-28,7.49207e-28,7.66545e-28,7.85428e-28,8.02883e-28,8.21892e-28,8.39379e-28,8.58427e-28,8.75864e-28,8.95037e-28,9.12512e-28,9.31724e-28,9.49154e-28,9.68321e-28,9.85797e-28,1.00501e-27,1.02245e-27,1.0418e-27,1.0593e-27,1.0787e-27,1.09635e-27,1.11589e-27,1.13362e-27,1.15321e-27,1.17093e-27,1.19067e-27,1.20847e-27,1.22827e-27,1.24607e-27,1.26585e-27,1.28374e-27,1.30359e-27,1.32149e-27,1.3415e-27,1.35952e-27,1.37961e-27,1.39783e-27,1.4181e-27,1.43645e-27,1.45681e-27,1.47521e-27,1.49575e-27,1.51447e-27,1.53511e-27,1.55372e-27,1.57439e-27,1.59316e-27,1.61412e-27,1.63334e-27,1.6545e-27,1.67374e-27,1.69504e-27,1.71456e-27,1.73626e-27,1.75598e-27,1.77766e-27,1.79752e-27,1.81944e-27,1.8397e-27,1.86178e-27,1.88202e-27,1.90419e-27,1.92468e-27,1.94719e-27,1.96786e-27,1.99031e-27,2.01109e-27,2.03374e-27,2.0549e-27,2.07803e-27,2.0995e-27,2.12269e-27,2.1444e-27,2.16792e-27,2.19013e-27,2.21391e-27,2.23622e-27,2.26017e-27,2.28285e-27,2.30726e-27,2.33058e-27,2.35536e-27,2.37891e-27,2.40399e-27,2.42803e-27,2.45368e-27,2.47815e-27,2.50395e-27,2.52875e-27,2.55497e-27,2.5804e-27,2.60696e-27,2.63259e-27,2.65944e-27,2.68557e-27,2.71298e-27,2.73955e-27,2.76714e-27,2.79411e-27,2.82219e-27,2.84988e-27,2.87876e-27,2.90714e-27,2.93645e-27,2.96547e-27,2.99545e-27,3.02528e-27,3.05564e-27,3.08543e-27,3.11531e-27,3.14395e-27,3.17126e-27,3.19519e-27,3.21386e-27,3.22369e-27,3.22118e-27,3.20167e-27,3.16232e-27,3.10323e-27,3.03146e-27
0,2.21743e-29,4.42994e-29,6.65239e-29,8.8601e-29,1.10877e-28,1.32907e-28,1.55235e-28,1.7722e-28,1.99601e-28,2.21543e-28,2.43978e-28,2.65905e-28,2.88422e-28,3.10281e-28,3.32827e-28,3.54674e-28,3.77303e-28,3.99086e-28,4.21746e-28,4.43522e-28,4.66267e-28,4.87984e-28,5.10817e-28,5.32586e-28,5.55504e-28,5.77218e-28,6.00116e-28,6.21777e-28,6.44762e-28,6.66374e-28,6.89449e-28,7.11123e-28,7.34288e-28,7.55919e-28,7.79067e-28,8.00659e-28,8.23899e-28,8.45457e-28,8.68793e-28,8.90431e-28,9.13867e-28,9.3559e-28,9.59128e-28,9.80835e-28,1.00458e-27,1.02638e-27,1.05024e-27,1.07202e-27,1.09587e-27,1.11776e-27,1.14171e-27,1.16359e-27,1.18754e-27,1.20931e-27,1.23336e-27,1.25514e-27,1.2792e-27,1.3011e-27,1.32528e-27,1.34721e-27,1.37161e-27,1.39368e-27,1.41821e-27,1.44032e-27,1.46486e-27,1.48712e-27,1.5118e-27,1.53411e-27,1.55881e-27,1.58107e-27,1.6059e-27,1.62823e-27,1.6531e-27,1.67561e-27,1.70063e-27,1.72324e-27,1.74853e-27,1.77134e-27,1.7968e-27,1.81972e-27,1.84524e-27,1.8684e-27,1.89431e-27,1.9176e-27,1.94337e-27,1.96669e-27,1.99266e-27,2.01636e-27,2.04286e-27,2.06684e-27,2.09334e-27,2.11752e-27,2.14435e-27,2.16905e-27,2.19612e-27,2.22081e-27,2.24802e-27,2.27305e-27,2.30072e-27,2.32598e-27,2.35359e-27,2.379e-27,2.40689e-27,2.43278e-27,2.46084e-27,2.48669e-27,2.51483e-27,2.54099e-27,2.56956e-27,2.59637e-27,2.62528e-27,2.65221e-27,2.68136e-27,2.70877e-27,2.73849e-27,2.76628e-27,2.79606e-27,2.82413e-27,2.85431e-27,2.88301e-27,2.91392e-27,2.94317e-27,2.97429e-27,3.00399e-27,3.03565e-27,3.06614e-27,3.09825e-27,3.12899e-27,3.16146e-27,3.19281e-27,3.22596e-27,3.25782e-27,3.29115e-27,3.32344e-27,3.35729e-27,3.39038e-27,3.42469e-27,3.45808e-27,3.4928e-27,3.52689e-27,3.56242e-27,3.59761e-27,3.63393e-27,3.66978e-27,3.70686e-27,3.74375e-27,3.78194e-27,3.8197e-27,3.85823e-27,3.89623e-27,3.93435e-27,3.9709e-27,4.00526e-27,4.03377e-27,4.053e-27,4.05633e-27,4.03633e-27,3.98491e-27,3.89933e-27,3.78932e-27
0,2.65801e-29,5.32198e-29,7.97416e-29,1.06442e-28,1.32907e-28,1.59669e-28,1.86079e-28,2.12905e-28,2.39261e-28,2.66151e-28,2.92456e-28,3.19444e-28,3.45733e-28,3.72755e-28,3.98963e-28,4.26084e-28,4.52279e-28,4.79435e-28,5.05555e-28,5.32813e-28,5.58926e-28,5.86224e-28,6.12333e-28,6.398e-28,6.65908e-28,6.93414e-28,7.1939e-28,7.46935e-28,7.72915e-28,8.00501e-28,8.2649e-28,8.5425e-28,8.8025e-28,9.08053e-28,9.33938e-28,9.61785e-28,9.87689e-28,1.01558e-27,1.04152e-27,1.06959e-27,1.09556e-27,1.12383e-27,1.14983e-27,1.17816e-27,1.20434e-27,1.23286e-27,1.25909e-27,1.28766e-27,1.31382e-27,1.34258e-27,1.36879e-27,1.39761e-27,1.42376e-27,1.4525e-27,1.47871e-27,1.50752e-27,1.53368e-27,1.5627e-27,1.58895e-27,1.61804e-27,1.64452e-27,1.67383e-27,1.70042e-27,1.72981e-27,1.75639e-27,1.786e-27,1.81269e-27,1.8424e-27,1.86909e-27,1.89875e-27,1.92558e-27,1.95535e-27,1.9822e-27,2.01221e-27,2.03923e-27,2.06936e-27,2.09669e-27,2.12708e-27,2.15461e-27,2.18514e-27,2.21274e-27,2.24354e-27,2.27162e-27,2.30257e-27,2.33048e-27,2.36147e-27,2.38962e-27,2.42105e-27,2.44986e-27,2.48161e-27,2.51045e-27,2.5424e-27,2.57167e-27,2.60422e-27,2.6338e-27,2.66631e-27,2.69609e-27,2.72896e-27,2.75934e-27,2.79246e-27,2.82281e-27,2.85605e-27,2.88677e-27,2.92054e-27,2.95153e-27,2.98519e-27,3.01633e-27,3.0503e-27,3.08202e-27,3.11671e-27,3.1489e-27,3.18368e-27,3.21623e-27,3.2515e-27,3.28481e-27,3.32046e-27,3.35391e-27,3.38983e-27,3.42383e-27,3.46043e-27,3.4954e-27,3.53257e-27,3.56788e-27,3.6055e-27,3.64155e-27,3.68002e-27,3.7167e-27,3.75539e-27,3.79259e-27,3.8319e-27,3.87003e-27,3.90985e-27,3.94827e-27,3.98851e-27,4.02766e-27,4.06873e-27,4.10853e-27,4.14986e-27,4.19025e-27,4.2323e-27,4.27377e-27,4.31704e-27,4.35959e-27,4.40357e-27,4.4472e-27,4.49243e-27,4.5377e-27,4.5842e-27,4.63057e-27,4.67819e-27,4.72573e-27,4.77386e-27,4.82049e-27,4.86364e-27,4.89788e-27,4.91546e-27,4.90243e-27,4.84185e-27,4.71984e-27,4.54719e-27
0,3.10455e-29,6.20224e-29,9.3138e-29,1.24048e-28,1.55235e-28,1.86079e-28,2.17339e-28,2.4812e-28,2.79454e-28,3.10174e-28,3.41584e-28,3.72284e-28,4.03809e-28,4.34414e-28,4.65979e-28,4.96567e-28,5.28248e-28,5.58746e-28,5.90469e-28,6.20956e-28,6.52799e-28,6.83205e-28,7.15172e-28,7.45653e-28,7.77741e-28,8.08144e-28,8.40199e-28,8.70525e-28,9.02701e-28,9.32959e-28,9.65263e-28,9.95611e-28,1.02804e-27,1.05833e-27,1.09073e-27,1.12096e-27,1.15349e-27,1.18367e-27,1.21634e-27,1.24663e-27,1.27944e-27,1.30985e-27,1.3428e-27,1.37319e-27,1.40644e-27,1.43697e-27,1.47036e-27,1.50087e-27,1.53425e-27,1.5649e-27,1.59843e-27,1.62907e-27,1.66259e-27,1.69307e-27,1.72673e-27,1.75722e-27,1.79089e-27,1.82155e-27,1.85538e-27,1.88609e-27,1.92025e-27,1.95115e-27,1.98548e-27,2.01644e-27,2.0508e-27,2.08197e-27,2.11651e-27,2.14774e-27,2.18231e-27,2.21347e-27,2.24823e-27,2.27948e-27,2.31428e-27,2.34579e-27,2.38081e-27,2.41245e-27,2.44785e-27,2.47979e-27,2.51542e-27,2.54751e-27,2.58323e-27,2.61565e-27,2.65191e-27,2.68451e-27,2.72057e-27,2.75321e-27,2.78954e-27,2.82271e-27,2.8598e-27,2.89337e-27,2.93046e-27,2.9643e-27,3.00186e-27,3.03643e-27,3.07432e-27,3.10888e-27,3.14696e-27,3.18199e-27,3.22072e-27,3.25608e-27,3.29472e-27,3.33028e-27,3.3693e-27,3.40554e-27,3.44481e-27,3.48098e-27,3.52035e-27,3.55695e-27,3.59693e-27,3.63445e-27,3.6749e-27,3.7126e-27,3.75339e-27,3.79174e-27,3.83335e-27,3.87223e-27,3.9139e-27,3.95318e-27,3.9954e-27,4.03557e-27,4.07884e-27,4.11977e-27,4.16333e-27,4.20489e-27,4.24922e-27,4.29189e-27,4.33683e-27,4.37986e-27,4.42529e-27,4.46916e-27,4.51555e-27,4.56013e-27,4.60675e-27,4.65191e-27,4.69925e-27,4.74551e-27,4.79347e-27,4.84013e-27,4.88863e-27,4.93625e-27,4.98589e-27,5.03507e-27,5.08584e-27,5.13598e-27,5.18794e-27,5.23977e-27,5.29368e-27,5.34745e-27,5.40308e-27,5.4593e-27,5.51789e-27,5.57779e-27,5.64004e-27,5.70182e-27,5.76022e-27,5.80503e-27,5.81684e-27,5.75998e-27,5.59117e-27,5.30505e-27
0,3.54423e-29,7.09639e-29,1.06329e-28,1.41931e-28,1.7722e-28,2.12905e-28,2.4812e-28,2.83888e-28,3.19032e-28,3.54886e-28,3.89962e-28,4.25949e-28,4.61004e-28,4.97034e-28,5.3198e-28,5.68143e-28,6.03072e-28,6.3928e-28,6.74107e-28,7.1045e-28,7.45269e-28,7.81665e-28,8.16482e-28,8.5311e-28,8.87927e-28,9.24603e-28,9.59239e-28,9.95961e-28,1.0306e-27,1.06738e-27,1.10203e-27,1.13905e-27,1.17372e-27,1.21079e-27,1.24531e-27,1.28243e-27,1.31696e-27,1.35415e-27,1.38872e-27,1.42615e-27,1.46078e-27,1.49846e-27,1.53314e-27,1.5709e-27,1.60582e-27,1.64384e-27,1.67883e-27,1.71693e-27,1.75181e-27,1.79015e-27,1.82511e-27,1.86353e-27,1.89839e-27,1.93671e-27,1.97165e-27,2.01005e-27,2.04493e-27,2.0836e-27,2.11859e-27,2.15738e-27,2.19269e-27,2.23177e-27,2.26722e-27,2.30641e-27,2.34184e-27,2.38132e-27,2.41692e-27,2.45651e-27,2.4921e-27,2.53164e-27,2.5674e-27,2.60707e-27,2.64286e-27,2.68286e-27,2.71887e-27,2.75904e-27,2.79548e-27,2.83599e-27,2.87269e-27,2.91338e-27,2.95017e-27,2.99124e-27,3.02868e-27,3.06994e-27,3.10713e-27,3.1484e-27,3.18592e-27,3.2278e-27,3.26623e-27,3.30854e-27,3.34698e-27,3.38956e-27,3.42858e-27,3.47198e-27,3.51141e-27,3.55474e-27,3.59443e-27,3.63824e-27,3.67875e-27,3.72289e-27,3.76334e-27,3.80763e-27,3.84859e-27,3.8936e-27,3.9349e-27,3.97974e-27,4.02122e-27,4.06648e-27,4.10875e-27,4.15499e-27,4.1979e-27,4.24424e-27,4.28761e-27,4.33462e-27,4.37904e-27,4.42654e-27,4.47111e-27,4.51896e-27,4.56427e-27,4.61304e-27,4.65967e-27,4.70921e-27,4.75627e-27,4.80641e-27,4.85447e-27,4.90576e-27,4.95466e-27,5.00622e-27,5.05579e-27,5.10818e-27,5.15899e-27,5.21205e-27,5.26324e-27,5.31682e-27,5.36895e-27,5.42365e-27,5.47662e-27,5.53159e-27,5.58529e-27,5.6412e-27,5.69634e-27,5.75389e-27,5.81046e-27,5.86896e-27,5.92704e-27,5.98736e-27,6.04794e-27,6.11054e-27,6.17364e-27,6.23967e-27,6.30789e-27,6.38097e-27,6.45911e-27,6.54432e-27,6.63568e-27,6.72851e-27,6.79995e-27,6.79033e-27,6.57976e-27,6.06291e-27
0,3.99184e-29,7.97487e-29,1.19757e-28,1.59501e-28,1.99601e-28,2.39261e-28,2.79454e-28,3.19032e-28,3.59319e-28,3.98818e-28,4.39203e-28,4.78682e-28,5.19219e-28,5.5857e-28,5.99151e-28,6.38485e-28,6.79221e-28,7.18432e-28,7.59214e-28,7.98416e-28,8.39355e-28,8.78446e-28,9.19549e-28,9.58754e-28,1.00002e-27,1.03912e-27,1.08032e-27,1.11931e-27,1.16067e-27,1.19957e-27,1.24111e-27,1.28014e-27,1.32185e-27,1.36079e-27,1.40244e-27,1.4413e-27,1.48312e-27,1.52191e-27,1.5639e-27,1.60285e-27,1.64502e-27,1.68413e-27,1.72649e-27,1.76556e-27,1.80832e-27,1.84758e-27,1.89052e-27,1.92974e-27,1.97266e-27,2.01208e-27,2.05519e-27,2.0946e-27,2.13768e-27,2.17686e-27,2.22013e-27,2.25932e-27,2.30258e-27,2.342e-27,2.38548e-27,2.42495e-27,2.46887e-27,2.50861e-27,2.55276e-27,2.59256e-27,2.63672e-27,2.67681e-27,2.72122e-27,2.76138e-27,2.80581e-27,2.84586e-27,2.89053e-27,2.93069e-27,2.97541e-27,3.01592e-27,3.06091e-27,3.10158e-27,3.14709e-27,3.18815e-27,3.23395e-27,3.2752e-27,3.3211e-27,3.36278e-27,3.40943e-27,3.45134e-27,3.49765e-27,3.53955e-27,3.58622e-27,3.62886e-27,3.67656e-27,3.71972e-27,3.76737e-27,3.81084e-27,3.85912e-27,3.90359e-27,3.95229e-27,3.9967e-27,4.04561e-27,4.09064e-27,4.14046e-27,4.18591e-27,4.23555e-27,4.28123e-27,4.33138e-27,4.37799e-27,4.42844e-27,4.47489e-27,4.52544e-27,4.57244e-27,4.62382e-27,4.67207e-27,4.72406e-27,4.77249e-27,4.82489e-27,4.87419e-27,4.92769e-27,4.97766e-27,5.03117e-27,5.08161e-27,5.13583e-27,5.18747e-27,5.24311e-27,5.29573e-27,5.35169e-27,5.4051e-27,5.46207e-27,5.51695e-27,5.57473e-27,5.63001e-27,5.68837e-27,5.74475e-27,5.80439e-27,5.86167e-27,5.92153e-27,5.97951e-27,6.04029e-27,6.0997e-27,6.16124e-27,6.22106e-27,6.28321e-27,6.34421e-27,6.40782e-27,6.47085e-27,6.53587e-27,6.60006e-27,6.66656e-27,6.73297e-27,6.80214e-27,6.87128e-27,6.94315e-27,7.0166e-27,7.09486e-27,7.1784e-27,7.27224e-27,7.37985e-27,7.51073e-27,7.67315e-27,7.86514e-27,8.02127e-27,7.87488e-27,6.82078e-27
0,4.43065e-29,8.87117e-29,1.32921e-28,1.77427e-28,2.21543e-28,2.66151e-28,3.10174e-28,3.54886e-28,3.98818e-28,4.43633e-28,4.87477e-28,5.32475e-28,5.76309e-28,6.21338e-28,6.65015e-28,7.1023e-28,7.53906e-28,7.99156e-28,8.42682e-28,8.88117e-28,9.31645e-28,9.77114e-28,1.02065e-27,1.06646e-27,1.11001e-27,1.15586e-27,1.19913e-27,1.24503e-27,1.28833e-27,1.33427e-27,1.3776e-27,1.42389e-27,1.46727e-27,1.51361e-27,1.55672e-27,1.60312e-27,1.64629e-27,1.69273e-27,1.73595e-27,1.78274e-27,1.82601e-27,1.87314e-27,1.91647e-27,1.96364e-27,2.00733e-27,2.05486e-27,2.09864e-27,2.14623e-27,2.18981e-27,2.23777e-27,2.28148e-27,2.32954e-27,2.37309e-27,2.42095e-27,2.46465e-27,2.51261e-27,2.55616e-27,2.60451e-27,2.64823e-27,2.69667e-27,2.74085e-27,2.78969e-27,2.83405e-27,2.883e-27,2.92726e-27,2.97664e-27,3.02114e-27,3.07066e-27,3.11511e-27,3.16449e-27,3.20921e-27,3.25875e-27,3.30345e-27,3.35344e-27,3.39843e-27,3.44859e-27,3.49417e-27,3.5448e-27,3.5907e-27,3.64151e-27,3.68744e-27,3.73877e-27,3.78569e-27,3.83725e-27,3.88365e-27,3.93513e-27,3.98194e-27,4.03427e-27,4.08242e-27,4.13529e-27,4.18327e-27,4.2364e-27,4.28517e-27,4.33952e-27,4.38881e-27,4.44287e-27,4.4924e-27,4.54715e-27,4.5979e-27,4.65305e-27,4.70352e-27,4.7588e-27,4.80997e-27,4.86633e-27,4.91793e-27,4.97388e-27,5.02561e-27,5.08207e-27,5.13489e-27,5.19278e-27,5.24639e-27,5.30423e-27,5.35836e-27,5.41709e-27,5.47272e-27,5.53207e-27,5.58769e-27,5.64736e-27,5.7039e-27,5.76484e-27,5.82324e-27,5.88514e-27,5.94389e-27,6.00647e-27,6.06654e-27,6.13076e-27,6.19187e-27,6.25622e-27,6.3181e-27,6.38355e-27,6.44716e-27,6.51343e-27,6.57728e-27,6.64411e-27,6.70919e-27,6.77756e-27,6.84363e-27,6.91209e-27,6.97892e-27,7.04848e-27,7.11714e-27,7.18888e-27,7.25924e-27,7.33188e-27,7.40394e-27,7.47878e-27,7.55398e-27,7.63143e-27,7.70933e-27,7.79085e-27,7.87544e-27,7.96757e-27,8.07036e-27,8.19333e-27,8.35368e-27,8.58936e-27,8.96625e-27,9.55507e-27,1.00777e-26,7.57864e-27
0,4.87934e-29,9.74794e-29,1.46382e-28,1.94963e-28,2.43978e-28,2.92456e-28,3.41584e-28,3.89962e-28,4.39203e-28,4.87477e-28,5.36809e-28,5.85106e-28,6.34693e-28,6.82755e-28,7.32318e-28,7.80436e-28,8.30264e-28,8.78157e-28,9.27964e-28,9.75917e-28,1.02598e-27,1.07366e-27,1.12392e-27,1.1719e-27,1.22239e-27,1.27021e-27,1.32047e-27,1.36814e-27,1.41872e-27,1.46616e-27,1.51695e-27,1.56472e-27,1.61575e-27,1.66338e-27,1.71418e-27,1.7617e-27,1.81282e-27,1.86014e-27,1.91147e-27,1.95911e-27,2.01058e-27,2.05853e-27,2.11019e-27,2.15784e-27,2.21025e-27,2.2582e-27,2.31083e-27,2.35867e-27,2.41101e-27,2.45934e-27,2.51199e-27,2.5603e-27,2.61285e-27,2.66063e-27,2.71365e-27,2.76144e-27,2.8142e-27,2.86253e-27,2.91555e-27,2.96369e-27,3.01751e-27,3.06604e-27,3.12014e-27,3.16867e-27,3.22253e-27,3.27168e-27,3.32589e-27,3.37514e-27,3.42932e-27,3.47815e-27,3.53287e-27,3.58185e-27,3.63638e-27,3.68603e-27,3.7409e-27,3.7905e-27,3.84624e-27,3.89639e-27,3.95249e-27,4.00278e-27,4.05869e-27,4.10959e-27,4.16706e-27,4.21822e-27,4.27462e-27,4.32563e-27,4.38246e-27,4.43452e-27,4.49327e-27,4.54596e-27,4.60399e-27,4.65693e-27,4.71586e-27,4.77067e-27,4.83011e-27,4.88419e-27,4.94376e-27,4.99873e-27,5.06004e-27,5.11553e-27,5.17598e-27,5.23162e-27,5.29283e-27,5.35023e-27,5.41182e-27,5.46839e-27,5.52993e-27,5.58717e-27,5.64987e-27,5.70929e-27,5.77275e-27,5.83173e-27,5.89556e-27,5.95574e-27,6.02157e-27,6.08257e-27,6.14777e-27,6.20918e-27,6.27525e-27,6.33829e-27,6.40674e-27,6.47099e-27,6.53918e-27,6.60426e-27,6.67382e-27,6.74135e-27,6.81188e-27,6.87924e-27,6.95036e-27,7.01918e-27,7.0925e-27,7.16239e-27,7.2353e-27,7.3059e-27,7.38003e-27,7.45297e-27,7.52796e-27,7.60069e-27,7.6762e-27,7.75029e-27,7.82764e-27,7.90476e-27,7.98371e-27,8.06143e-27,8.14186e-27,8.22211e-27,8.30599e-27,8.38886e-27,8.47425e-27,8.56043e-27,8.65078e-27,8.74523e-27,8.84967e-27,8.96842e-27,9.12261e-27,9.36409e-27,9.85668e-27,1.11547e-26,1.53024e-26,3.03222e-26
0,5.31784e-29,1.06475e-28,1.59538e-28,2.12955e-28,2.65905e-28,3.19444e-28,3.72284e-28,4.25949e-28,4.78682e-28,5.32475e-28,5.85106e-28,6.39096e-28,6.91695e-28,7.45749e-28,7.98186e-28,8.52439e-28,9.04851e-28,9.59171e-28,1.01143e-27,1.06595e-27,1.1182e-27,1.1728e-27,1.22504e-27,1.27998e-27,1.33222e-27,1.38724e-27,1.43921e-27,1.4943e-27,1.54628e-27,1.60145e-27,1.65345e-27,1.70897e-27,1.76099e-27,1.81659e-27,1.86838e-27,1.92407e-27,1.97589e-27,2.03167e-27,2.08355e-27,2.13969e-27,2.19164e-27,2.24816e-27,2.30019e-27,2.35682e-27,2.40921e-27,2.46622e-27,2.51871e-27,2.57583e-27,2.62816e-27,2.68566e-27,2.7381e-27,2.79571e-27,2.84801e-27,2.90547e-27,2.9579e-27,3.01548e-27,3.06781e-27,3.1258e-27,3.1783e-27,3.23645e-27,3.28941e-27,3.348e-27,3.40118e-27,3.45992e-27,3.51307e-27,3.57225e-27,3.62564e-27,3.68499e-27,3.73837e-27,3.79764e-27,3.85128e-27,3.91076e-27,3.96444e-27,4.02439e-27,4.07841e-27,4.13861e-27,4.19325e-27,4.25398e-27,4.309e-27,4.36999e-27,4.42515e-27,4.48669e-27,4.54281e-27,4.60464e-27,4.66041e-27,4.72228e-27,4.77853e-27,4.84129e-27,4.89888e-27,4.96228e-27,5.0199e-27,5.08368e-27,5.14216e-27,5.20716e-27,5.26626e-27,5.33116e-27,5.39064e-27,5.45627e-27,5.51695e-27,5.58307e-27,5.64367e-27,5.71002e-27,5.77137e-27,5.83879e-27,5.90067e-27,5.96785e-27,6.03002e-27,6.09781e-27,6.16115e-27,6.2304e-27,6.29468e-27,6.3641e-27,6.42909e-27,6.4995e-27,6.56604e-27,6.63722e-27,6.70402e-27,6.77571e-27,6.84363e-27,6.91671e-27,6.98659e-27,7.06082e-27,7.13136e-27,7.20649e-27,7.27853e-27,7.35538e-27,7.42866e-27,7.50591e-27,7.58019e-27,7.65867e-27,7.73476e-27,7.8142e-27,7.8908e-27,7.97095e-27,8.0489e-27,8.13061e-27,8.20968e-27,8.29168e-27,8.37171e-27,8.45494e-27,8.53691e-27,8.62235e-27,8.70619e-27,8.79274e-27,8.87845e-27,8.96717e-27,9.05578e-27,9.14659e-27,9.23688e-27,9.32954e-27,9.42227e-27,9.51746e-27,9.61323e-27,9.71005e-27,9.80454e-27,9.89057e-27,9.94374e-27,9.90479e-27,9.65537e-27,9.09437e-27
0,5.76817e-29,1.15237e-28,1.73048e-28,2.30479e-28,2.88422e-28,3.45733e-28,4.03809e-28,4.61004e-28,5.19219e-28,5.76309e-28,6.34693e-28,6.91695e-28,7.5022e-28,8.07126e-28,8.65802e-28,9.226e-28,9.81413e-28,1.03812e-27,1.09709e-27,1.15371e-27,1.21284e-27,1.26944e-27,1.32879e-27,1.38536e-27,1.4449e-27,1.50136e-27,1.561e-27,1.61734e-27,1.67708e-27,1.73341e-27,1.79338e-27,1.84971e-27,1.90987e-27,1.96612e-27,2.0264e-27,2.08256e-27,2.14295e-27,2.19914e-27,2.25979e-27,2.31605e-27,2.37704e-27,2.4334e-27,2.49468e-27,2.55125e-27,2.61281e-27,2.66956e-27,2.73139e-27,2.78816e-27,2.85024e-27,2.90701e-27,2.96928e-27,3.02604e-27,3.08836e-27,3.1451e-27,3.20745e-27,3.2642e-27,3.32681e-27,3.38363e-27,3.44653e-27,3.50366e-27,3.5669e-27,3.62433e-27,3.68788e-27,3.74547e-27,3.80934e-27,3.86705e-27,3.93118e-27,3.98902e-27,4.05327e-27,4.11124e-27,4.17559e-27,4.23373e-27,4.29841e-27,4.35678e-27,4.42186e-27,4.48071e-27,4.54621e-27,4.60554e-27,4.67147e-27,4.73115e-27,4.79755e-27,4.85775e-27,4.92452e-27,4.98505e-27,5.05211e-27,5.11289e-27,5.18045e-27,5.24204e-27,5.31032e-27,5.37264e-27,5.44157e-27,5.5045e-27,5.57416e-27,5.63779e-27,5.70806e-27,5.77232e-27,5.84306e-27,5.90805e-27,5.97934e-27,6.04495e-27,6.11672e-27,6.18282e-27,6.25517e-27,6.32187e-27,6.39467e-27,6.46192e-27,6.5351e-27,6.60313e-27,6.67727e-27,6.74633e-27,6.82134e-27,6.8914e-27,6.96716e-27,7.03831e-27,7.11494e-27,7.18708e-27,7.26451e-27,7.33756e-27,7.41603e-27,7.49059e-27,7.57032e-27,7.6463e-27,7.72724e-27,7.80451e-27,7.88674e-27,7.96541e-27,8.04879e-27,8.12876e-27,8.21315e-27,8.29451e-27,8.37997e-27,8.46258e-27,8.54903e-27,8.63275e-27,8.72027e-27,8.80519e-27,8.89368e-27,8.97978e-27,9.0692e-27,9.1568e-27,9.24782e-27,9.33729e-27,9.43002e-27,9.5215e-27,9.61601e-27,9.70978e-27,9.80626e-27,9.90209e-27,9.99999e-27,1.00967e-26,1.0194e-26,1.02881e-26,1.03774e-26,1.04528e-26,1.04965e-26,1.04496e-26,1.01244e-26,8.86489e-27,4.32031e-27,-1.21335e-26
0,6.20532e-29,1.24244e-28,1.86163e-28,2.48493e-28,3.10281e-28,3.72755e-28,4.34414e-28,4.97034e-28,5.5857e-28,6.21338e-28,6.82755e-28,7.45749e-28,8.07126e-28,8.70198e-28,9.31389e-28,9.9469e-28,1.05585e-27,1.11923e-27,1.18022e-27,1.24384e-27,1.30481e-27,1.36851e-27,1.42947e-27,1.49357e-27,1.55452e-27,1.61871e-27,1.67936e-27,1.74363e-27,1.80429e-27,1.86866e-27,1.92934e-27,1.99411e-27,2.05481e-27,2.11968e-27,2.18011e-27,2.24508e-27,2.30556e-27,2.37064e-27,2.43119e-27,2.49669e-27,2.55731e-27,2.62324e-27,2.68395e-27,2.75001e-27,2.81114e-27,2.87763e-27,2.93887e-27,3.0055e-27,3.06655e-27,3.13361e-27,3.1948e-27,3.26199e-27,3.32301e-27,3.39004e-27,3.45122e-27,3.5184e-27,3.57945e-27,3.6471e-27,3.70836e-27,3.77619e-27,3.83798e-27,3.9063e-27,3.96833e-27,4.03684e-27,4.09884e-27,4.16785e-27,4.23013e-27,4.29935e-27,4.36161e-27,4.43075e-27,4.49333e-27,4.5627e-27,4.62533e-27,4.69525e-27,4.75827e-27,4.82847e-27,4.89221e-27,4.96301e-27,5.02718e-27,5.0983e-27,5.16264e-27,5.23439e-27,5.29983e-27,5.37192e-27,5.43698e-27,5.50913e-27,5.57476e-27,5.64793e-27,5.71507e-27,5.78898e-27,5.85617e-27,5.93054e-27,5.99871e-27,6.07447e-27,6.14336e-27,6.21902e-27,6.28837e-27,6.36486e-27,6.4356e-27,6.51265e-27,6.5833e-27,6.66064e-27,6.73217e-27,6.81073e-27,6.88287e-27,6.96118e-27,7.03369e-27,7.11272e-27,7.18656e-27,7.26726e-27,7.34219e-27,7.42311e-27,7.49888e-27,7.58095e-27,7.65851e-27,7.74147e-27,7.81938e-27,7.90298e-27,7.98218e-27,8.06739e-27,8.14886e-27,8.2354e-27,8.31767e-27,8.40527e-27,8.48928e-27,8.57887e-27,8.66433e-27,8.75442e-27,8.84104e-27,8.93253e-27,9.02124e-27,9.11382e-27,9.2031e-27,9.29649e-27,9.38727e-27,9.48237e-27,9.57438e-27,9.66975e-27,9.76277e-27,9.85943e-27,9.95452e-27,1.00536e-26,1.01506e-26,1.02508e-26,1.03499e-26,1.04523e-26,1.05543e-26,1.06584e-26,1.07612e-26,1.08651e-26,1.0966e-26,1.10643e-26,1.11537e-26,1.12286e-26,1.12773e-26,1.1287e-26,1.12377e-26,1.11106e-26,1.0894e-26,1.06101e-26
0,6.65623e-29,1.32979e-28,1.9969e-28,2.65965e-28,3.32827e-28,3.98963e-28,4.65979e-28,5.3198e-28,5.99151e-28,6.65015e-28,7.32318e-28,7.98186e-28,8.65802e-28,9.31389e-28,9.9901e-28,1.06464e-27,1.13258e-27,1.19794e-27,1.2659e-27,1.33131e-27,1.39958e-27,1.46468e-27,1.53321e-27,1.59863e-27,1.66745e-27,1.73267e-27,1.80126e-27,1.86631e-27,1.93527e-27,2.00005e-27,2.0693e-27,2.13443e-27,2.20397e-27,2.26894e-27,2.33826e-27,2.4031e-27,2.47282e-27,2.53743e-27,2.60743e-27,2.67241e-27,2.74262e-27,2.80797e-27,2.87845e-27,2.9435e-27,3.01486e-27,3.08025e-27,3.15192e-27,3.21721e-27,3.2886e-27,3.35444e-27,3.4262e-27,3.49202e-27,3.56369e-27,3.62892e-27,3.70115e-27,3.7664e-27,3.83838e-27,3.90425e-27,3.97658e-27,4.04227e-27,4.11555e-27,4.18172e-27,4.25537e-27,4.32159e-27,4.39502e-27,4.46195e-27,4.53582e-27,4.60289e-27,4.67676e-27,4.74341e-27,4.81793e-27,4.88477e-27,4.95913e-27,5.02678e-27,5.10159e-27,5.16925e-27,5.24512e-27,5.31347e-27,5.38983e-27,5.45842e-27,5.53465e-27,5.60401e-27,5.68204e-27,5.75177e-27,5.82871e-27,5.89837e-27,5.97589e-27,6.04683e-27,6.1266e-27,6.19838e-27,6.27748e-27,6.34968e-27,6.4299e-27,6.50432e-27,6.58523e-27,6.65897e-27,6.74014e-27,6.81499e-27,6.89821e-27,6.97376e-27,7.05613e-27,7.13197e-27,7.21527e-27,7.29321e-27,7.37703e-27,7.45418e-27,7.53809e-27,7.61614e-27,7.7015e-27,7.78216e-27,7.86853e-27,7.94892e-27,8.03589e-27,8.11783e-27,8.2072e-27,8.29028e-27,8.37916e-27,8.46296e-27,8.55304e-27,8.63892e-27,8.7319e-27,8.81943e-27,8.91239e-27,9.00116e-27,9.0959e-27,9.18767e-27,9.28375e-27,9.37563e-27,9.47259e-27,9.56634e-27,9.66593e-27,9.76109e-27,9.86037e-27,9.95649e-27,1.00572e-26,1.0156e-26,1.02578e-26,1.03564e-26,1.04587e-26,1.05589e-26,1.06632e-26,1.07668e-26,1.08729e-26,1.09772e-26,1.1085e-26,1.11921e-26,1.13035e-26,1.1413e-26,1.15245e-26,1.16342e-26,1.17438e-26,1.18482e-26,1.19463e-26,1.20291e-26,1.20989e-26,1.2183e-26,1.24305e-26,1.34451e-26,1.75355e-26,3.33537e-26
0,7.09314e-29,1.42019e-28,2.12798e-28,2.84045e-28,3.54674e-28,4.26084e-28,4.96567e-28,5.68143e-28,6.38485e-28,7.1023e-28,7.80436e-28,8.52439e-28,9.226e-28,9.9469e-28,1.06464e-27,1.13699e-27,1.2069e-27,1.27935e-27,1.34906e-27,1.42177e-27,1.49147e-27,1.56428e-27,1.63396e-27,1.70722e-27,1.7769e-27,1.85025e-27,1.91959e-27,1.99304e-27,2.06238e-27,2.13595e-27,2.20531e-27,2.27933e-27,2.34872e-27,2.42285e-27,2.49193e-27,2.56618e-27,2.63531e-27,2.70968e-27,2.77889e-27,2.85373e-27,2.92303e-27,2.99837e-27,3.06777e-27,3.14326e-27,3.21312e-27,3.2891e-27,3.3591e-27,3.43523e-27,3.50502e-27,3.58164e-27,3.65158e-27,3.72835e-27,3.7981e-27,3.87468e-27,3.9446e-27,4.02136e-27,4.09114e-27,4.16842e-27,4.23844e-27,4.31593e-27,4.38655e-27,4.46459e-27,4.53549e-27,4.61376e-27,4.68462e-27,4.76345e-27,4.83462e-27,4.91369e-27,4.98485e-27,5.06382e-27,5.13533e-27,5.21457e-27,5.28614e-27,5.36601e-27,5.43801e-27,5.51819e-27,5.59101e-27,5.67188e-27,5.7452e-27,5.82643e-27,5.89994e-27,5.98187e-27,6.05664e-27,6.13896e-27,6.21329e-27,6.29569e-27,6.37065e-27,6.45421e-27,6.5309e-27,6.61529e-27,6.69204e-27,6.77696e-27,6.85483e-27,6.94132e-27,7.02001e-27,7.10639e-27,7.18558e-27,7.27291e-27,7.35369e-27,7.44166e-27,7.52234e-27,7.61063e-27,7.6923e-27,7.78199e-27,7.86435e-27,7.95376e-27,8.03654e-27,8.12676e-27,8.21106e-27,8.30319e-27,8.38874e-27,8.48111e-27,8.56762e-27,8.66131e-27,8.74988e-27,8.84459e-27,8.93355e-27,9.029e-27,9.11946e-27,9.21675e-27,9.3098e-27,9.40863e-27,9.50261e-27,9.60267e-27,9.69865e-27,9.80099e-27,9.89864e-27,1.00016e-26,1.01005e-26,1.0205e-26,1.03064e-26,1.04121e-26,1.05141e-26,1.06207e-26,1.07243e-26,1.08328e-26,1.09377e-26,1.10463e-26,1.11522e-26,1.12621e-26,1.13701e-26,1.14824e-26,1.15925e-26,1.1706e-26,1.18182e-26,1.19344e-26,1.20504e-26,1.21693e-26,1.22874e-26,1.24079e-26,1.25266e-26,1.26439e-26,1.27524e-26,1.2845e-26,1.29063e-26,1.2919e-26,1.28584e-26,1.27042e-26,1.24495e-26,1.21258e-26
0,7.54573e-29,1.5075e-28,2.26375e-28,3.01507e-28,3.77303e-28,4.52279e-28,5.28248e-28,6.03072e-28,6.79221e-28,7.53906e-28,8.30264e-28,9.04851e-28,9.81413e-28,1.05585e-27,1.13258e-27,1.2069e-27,1.28384e-27,1.35802e-27,1.43513e-27,1.50921e-27,1.58655e-27,1.66057e-27,1.73819e-27,1.81223e-27,1.89011e-27,1.96398e-27,2.04195e-27,2.11566e-27,2.19379e-27,2.26745e-27,2.34588e-27,2.41959e-27,2.49827e-27,2.57187e-27,2.65066e-27,2.72412e-27,2.8031e-27,2.87657e-27,2.95586e-27,3.02947e-27,3.10918e-27,3.18295e-27,3.26304e-27,3.337e-27,3.41753e-27,3.49175e-27,3.57262e-27,3.64686e-27,3.72797e-27,3.80227e-27,3.88366e-27,3.95794e-27,4.03937e-27,4.11354e-27,4.19507e-27,4.26926e-27,4.35104e-27,4.4254e-27,4.50757e-27,4.58225e-27,4.66494e-27,4.74002e-27,4.82312e-27,4.89839e-27,4.98181e-27,5.05733e-27,5.1411e-27,5.21677e-27,5.30068e-27,5.37643e-27,5.46054e-27,5.53651e-27,5.62098e-27,5.69732e-27,5.78229e-27,5.85919e-27,5.94479e-27,6.02232e-27,6.10847e-27,6.18644e-27,6.27311e-27,6.35176e-27,6.4391e-27,6.51818e-27,6.60569e-27,6.68504e-27,6.77319e-27,6.85364e-27,6.94292e-27,7.02432e-27,7.11425e-27,7.19639e-27,7.28731e-27,7.37056e-27,7.46225e-27,7.54612e-27,7.63839e-27,7.72324e-27,7.81642e-27,7.90206e-27,7.99567e-27,8.08191e-27,8.17629e-27,8.2635e-27,8.35848e-27,8.44619e-27,8.54161e-27,8.63035e-27,8.72706e-27,8.81735e-27,8.91519e-27,9.00658e-27,9.10539e-27,9.19825e-27,9.29838e-27,9.39254e-27,9.49353e-27,9.58886e-27,9.69123e-27,9.78858e-27,9.89283e-27,9.99206e-27,1.00977e-26,1.01986e-26,1.0306e-26,1.0409e-26,1.05179e-26,1.06224e-26,1.07326e-26,1.0839e-26,1.09508e-26,1.10587e-26,1.11715e-26,1.12807e-26,1.13948e-26,1.15056e-26,1.16207e-26,1.17325e-26,1.18484e-26,1.19617e-26,1.20793e-26,1.21948e-26,1.23141e-26,1.24315e-26,1.25529e-26,1.26735e-26,1.27982e-26,1.29228e-26,1.30516e-26,1.31811e-26,1.33144e-26,1.34469e-26,1.35767e-26,1.36906e-26,1.37643e-26,1.3728e-26,1.33819e-26,1.2063e-26,7.43316e-27,-9.10203e-27
0,7.98137e-29,1.59803e-28,2.39445e-28,3.19612e-28,3.99086e-28,4.79435e-28,5.58746e-28,6.3928e-28,7.18432e-28,7.99156e-28,8.78157e-28,9.59171e-28,1.03812e-27,1.11923e-27,1.19794e-27,1.27935e-27,1.35802e-27,1.43952e-27,1.51797e-27,1.59977e-27,1.6782e-27,1.76011e-27,1.83853e-27,1.92095e-27,1.99936e-27,2.08189e-27,2.15991e-27,2.24254e-27,2.32056e-27,2.40332e-27,2.48137e-27,2.56464e-27,2.64273e-27,2.72612e-27,2.80385e-27,2.88736e-27,2.96515e-27,3.04879e-27,3.12666e-27,3.21085e-27,3.28882e-27,3.37356e-27,3.45165e-27,3.53656e-27,3.61518e-27,3.70065e-27,3.77942e-27,3.86505e-27,3.94358e-27,4.02977e-27,4.10846e-27,4.19481e-27,4.27328e-27,4.35941e-27,4.43806e-27,4.52437e-27,4.60287e-27,4.68977e-27,4.76853e-27,4.85567e-27,4.93512e-27,5.0229e-27,5.10267e-27,5.19069e-27,5.2704e-27,5.35906e-27,5.43912e-27,5.52803e-27,5.60807e-27,5.69686e-27,5.77729e-27,5.86636e-27,5.94685e-27,6.03664e-27,6.11761e-27,6.20776e-27,6.28966e-27,6.38058e-27,6.46304e-27,6.55435e-27,6.63702e-27,6.72914e-27,6.81322e-27,6.90576e-27,6.98931e-27,7.08191e-27,7.16618e-27,7.26009e-27,7.34633e-27,7.44118e-27,7.52746e-27,7.62289e-27,7.71045e-27,7.80767e-27,7.89613e-27,7.9932e-27,8.08223e-27,8.18037e-27,8.27118e-27,8.37003e-27,8.46072e-27,8.55991e-27,8.65171e-27,8.75248e-27,8.84504e-27,8.94546e-27,9.03846e-27,9.1398e-27,9.23453e-27,9.33804e-27,9.43418e-27,9.53796e-27,9.63518e-27,9.74044e-27,9.83998e-27,9.9464e-27,1.00464e-26,1.01536e-26,1.02553e-26,1.03646e-26,1.04692e-26,1.05803e-26,1.0686e-26,1.07985e-26,1.09064e-26,1.10215e-26,1.11314e-26,1.12471e-26,1.13585e-26,1.1476e-26,1.15901e-26,1.1709e-26,1.18237e-26,1.19436e-26,1.206e-26,1.21819e-26,1.22996e-26,1.24215e-26,1.25401e-26,1.2663e-26,1.27837e-26,1.29091e-26,1.30317e-26,1.3158e-26,1.32829e-26,1.34122e-26,1.35419e-26,1.3676e-26,1.38113e-26,1.39532e-26,1.40994e-26,1.42544e-26,1.44147e-26,1.45779e-26,1.47303e-26,1.48476e-26,1.48763e-26,1.47333e-26,1.43217e-26,1.36416e-26
0,8.43456e-29,1.68509e-28,2.5304e-28,3.37024e-28,4.21746e-28,5.05555e-28,5.90469e-28,6.74107e-28,7.59214e-28,8.42682e-28,9.27964e-28,1.01143e-27,1.09709e-27,1.18022e-27,1.2659e-27,1.34906e-27,1.43513e-27,1.51797e-27,1.60406e-27,1.68694e-27,1.77342e-27,1.85594e-27,1.94276e-27,2.02566e-27,2.11284e-27,2.19549e-27,2.28239e-27,2.36481e-27,2.45215e-27,2.53427e-27,2.62197e-27,2.7045e-27,2.79258e-27,2.87491e-27,2.96272e-27,3.04486e-27,3.13313e-27,3.21501e-27,3.30364e-27,3.38597e-27,3.47488e-27,3.55766e-27,3.64692e-27,3.72938e-27,3.81971e-27,3.9026e-27,3.99332e-27,4.07608e-27,4.1665e-27,4.2499e-27,4.34077e-27,4.42414e-27,4.51489e-27,4.59755e-27,4.68892e-27,4.77158e-27,4.8627e-27,4.94608e-27,5.03764e-27,5.12087e-27,5.21359e-27,5.29744e-27,5.39062e-27,5.47453e-27,5.56749e-27,5.65223e-27,5.74574e-27,5.83066e-27,5.92415e-27,6.00856e-27,6.10278e-27,6.18742e-27,6.2815e-27,6.36709e-27,6.46174e-27,6.54742e-27,6.64336e-27,6.72991e-27,6.82646e-27,6.91332e-27,7.00977e-27,7.09758e-27,7.19617e-27,7.28442e-27,7.38172e-27,7.46986e-27,7.56787e-27,7.65763e-27,7.75837e-27,7.84921e-27,7.94924e-27,8.04061e-27,8.14205e-27,8.23608e-27,8.33838e-27,8.43167e-27,8.5343e-27,8.62898e-27,8.73406e-27,8.82961e-27,8.93373e-27,9.02964e-27,9.13492e-27,9.23332e-27,9.33923e-27,9.43673e-27,9.54272e-27,9.64137e-27,9.7492e-27,9.85104e-27,9.96017e-27,1.00618e-26,1.01717e-26,1.02753e-26,1.03881e-26,1.04931e-26,1.06055e-26,1.07114e-26,1.08253e-26,1.09339e-26,1.10513e-26,1.11621e-26,1.12797e-26,1.13921e-26,1.1512e-26,1.16281e-26,1.17497e-26,1.18662e-26,1.1989e-26,1.21078e-26,1.22338e-26,1.23543e-26,1.24801e-26,1.26017e-26,1.27291e-26,1.28539e-26,1.29822e-26,1.31064e-26,1.3235e-26,1.33606e-26,1.3491e-26,1.362e-26,1.37518e-26,1.3881e-26,1.40143e-26,1.41469e-26,1.42855e-26,1.44239e-26,1.45686e-26,1.47181e-26,1.48799e-26,1.50548e-26,1.52524e-26,1.54743e-26,1.57339e-26,1.60552e-26,1.65446e-26,1.76717e-26,2.14792e-26,3.63851e-26
0,8.87006e-29,1.77595e-28,2.66106e-28,3.55197e-28,4.43522e-28,5.32813e-28,6.20956e-28,7.1045e-28,7.98416e-28,8.88117e-28,9.75917e-28,1.06595e-27,1.15371e-27,1.24384e-27,1.33131e-27,1.42177e-27,1.50921e-27,1.59977e-27,1.68694e-27,1.77784e-27,1.86499e-27,1.956e-27,2.04317e-27,2.13477e-27,2.22195e-27,2.31365e-27,2.40034e-27,2.49214e-27,2.57884e-27,2.67077e-27,2.75752e-27,2.85007e-27,2.93688e-27,3.02953e-27,3.1159e-27,3.20866e-27,3.29509e-27,3.38799e-27,3.47451e-27,3.56803e-27,3.65468e-27,3.74882e-27,3.8356e-27,3.92991e-27,4.01731e-27,4.11229e-27,4.19985e-27,4.29497e-27,4.38224e-27,4.47801e-27,4.56548e-27,4.66142e-27,4.7486e-27,4.84423e-27,4.93163e-27,5.02745e-27,5.11464e-27,5.21114e-27,5.29863e-27,5.39539e-27,5.4837e-27,5.58121e-27,5.66987e-27,5.76762e-27,5.85618e-27,5.95467e-27,6.04364e-27,6.1424e-27,6.23131e-27,6.32987e-27,6.41921e-27,6.51808e-27,6.60745e-27,6.70713e-27,6.79706e-27,6.89713e-27,6.98812e-27,7.08908e-27,7.1807e-27,7.28205e-27,7.37385e-27,7.47615e-27,7.56962e-27,7.67235e-27,7.76507e-27,7.86774e-27,7.96124e-27,8.06547e-27,8.16132e-27,8.26662e-27,8.36238e-27,8.46826e-27,8.56549e-27,8.67348e-27,8.77172e-27,8.87941e-27,8.97819e-27,9.08713e-27,9.18803e-27,9.29774e-27,9.39835e-27,9.50838e-27,9.61028e-27,9.72216e-27,9.82489e-27,9.93622e-27,1.00393e-26,1.01517e-26,1.02568e-26,1.03717e-26,1.04784e-26,1.05935e-26,1.07013e-26,1.08182e-26,1.09287e-26,1.10468e-26,1.11576e-26,1.12765e-26,1.13893e-26,1.15106e-26,1.16269e-26,1.17502e-26,1.18675e-26,1.19924e-26,1.21123e-26,1.22403e-26,1.23623e-26,1.24909e-26,1.26146e-26,1.27453e-26,1.28722e-26,1.30044e-26,1.31319e-26,1.3265e-26,1.33945e-26,1.35299e-26,1.36606e-26,1.37956e-26,1.39269e-26,1.40628e-26,1.4196e-26,1.43341e-26,1.44687e-26,1.46069e-26,1.47429e-26,1.48835e-26,1.50242e-26,1.517e-26,1.53181e-26,1.54765e-26,1.56463e-26,1.58391e-26,1.60632e-26,1.6336e-26,1.66754e-26,1.70986e-26,1.75774e-26,1.79301e-26,1.75387e-26,1.51573e-26
