0,0,0,0,0,0,0,0,0,0,0,0,0,0,0,0,0,0,0,0,0,0,0,0,0,0,0,0,0,0,0,0,0,0,0,0,0,0,0,0,0,0,0,0,0,0,0,0,0,0,0,0,0,0,0,0,0,0,0,0,0,0,0,0,0,0,0,0,0,0,0,0,0,0,0,0,0,0,0,0,0,0,0,0,0,0,0,0,0,0,0,0,0,0,0,0,0,0,0,0,0,0,0,0,0,0,0,0,0,0,0,0,0,0,0,0,0,0,0,0,0,0,0,0,0,0,0,0,0,0,0,0,0,0,0,0,0,0,0,0,0,0,0,0,0,0,0,0,0,0,0,0,0,0,0,0,0,0,0,0,0
0,4.55044e-30,9.07962e-30,1.36514e-29,1.81593e-29,2.27524e-29,2.72393e-29,3.18537e-29,3.63196e-29,4.09553e-29,4.54005e-29,5.00574e-29,5.44874e-29,5.91708e-29,6.35753e-29,6.82742e-29,7.26641e-29,7.73893e-29,8.17542e-29,8.64948e-29,9.0846e-29,9.56126e-29,9.99397e-29,1.04732e-28,1.09057e-28,1.13875e-28,1.18177e-28,1.22999e-28,1.27278e-28,1.32125e-28,1.36383e-28,1.41255e-28,1.45513e-28,1.50409e-28,1.54647e-28,1.59546e-28,1.63765e-28,1.68689e-28,1.72889e-28,1.77838e-28,1.82042e-28,1.87016e-28,1.91226e-28,1.96225e-28,2.0042e-28,2.05465e-28,2.09668e-28,2.14738e-28,2.18928e-28,2.24e-28,2.282e-28,2.33295e-28,2.37484e-28,2.42581e-28,2.46739e-28,2.51859e-28,2.56009e-28,2.61132e-28,2.65298e-28,2.70445e-28,2.74607e-28,2.798e-28,2.83981e-28,2.89199e-28,2.9338e-28,2.98601e-28,3.02804e-28,3.0805e-28,3.12256e-28,3.17506e-28,3.21695e-28,3.2697e-28,3.31167e-28,3.36447e-28,3.40675e-28,3.45983e-28,3.50223e-28,3.5558e-28,3.59858e-28,3.65244e-28,3.69539e-28,3.74934e-28,3.7927e-28,3.8474e-28,3.89099e-28,3.94535e-28,3.98899e-28,4.04369e-28,4.08805e-28,4.14375e-28,4.18865e-28,4.24429e-28,4.28955e-28,4.34579e-28,4.39207e-28,4.44871e-28,4.49498e-28,4.55182e-28,4.59875e-28,4.65644e-28,4.70385e-28,4.76133e-28,4.80904e-28,4.86699e-28,4.91566e-28,4.97388e-28,5.0225e-28,5.0808e-28,5.13005e-28,5.1891e-28,5.23967e-28,5.29929e-28,5.35015e-28,5.41015e-28,5.46197e-28,5.52303e-28,5.57565e-28,5.63671e-28,5.68995e-28,5.75169e-28,5.80624e-28,5.86933e-28,5.92502e-28,5.98841e-28,6.04505e-28,6.10942e-28,6.1677e-28,6.23284e-28,6.29171e-28,6.35745e-28,6.4176e-28,6.48461e-28,6.54587e-28,6.61312e-28,6.67534e-28,6.74355e-28,6.80746e-28,6.87648e-28,6.94111e-28,7.01085e-28,7.07697e-28,7.14818e-28,7.21654e-28,7.28908e-28,7.3586e-28,7.43213e-28,7.50314e-28,7.5776e-28,7.64861e-28,7.72077e-28,7.78805e-28,7.85306e-28,7.90902e-28,7.95569e-28,7.98406e-28,7.99109e-28,7.96863e-28,7.91443e-28,7.82661e-28,7.71087e-28,7.57864e-28
0,9.07962e-30,1.82018e-29,2.7239e-29,3.64038e-29,4.53986e-29,5.46061e-29,6.35589e-29,7.28089e-29,8.172e-29,9.10126e-29,9.98825e-29,1.09228e-28,1.18068e-28,1.27445e-28,1.36234e-28,1.45663e-28,1.54423e-28,1.63884e-28,1.72595e-28,1.82107e-28,1.90791e-28,2.00334e-28,2.08991e-28,2.18607e-28,2.27239e-28,2.36884e-28,2.4545e-28,2.55124e-28,2.63666e-28,2.73368e-28,2.81889e-28,2.91663e-28,3.00163e-28,3.09965e-28,3.18404e-28,3.28234e-28,3.36657e-28,3.46514e-28,3.54923e-28,3.64851e-28,3.73249e-28,3.83249e-28,3.91638e-28,4.01665e-28,4.10091e-28,4.20189e-28,4.28609e-28,4.38734e-28,4.47108e-28,4.57302e-28,4.65674e-28,4.75893e-28,4.84223e-28,4.94424e-28,5.02759e-28,5.12985e-28,5.21285e-28,5.3158e-28,5.39892e-28,5.50215e-28,5.58585e-28,5.68979e-28,5.77368e-28,5.87791e-28,5.96159e-28,6.06652e-28,6.15045e-28,6.25567e-28,6.33947e-28,6.44454e-28,6.52867e-28,6.63405e-28,6.71813e-28,6.82426e-28,6.90878e-28,7.01526e-28,7.1007e-28,7.20797e-28,7.29395e-28,7.4016e-28,7.48774e-28,7.59622e-28,7.68386e-28,7.79275e-28,7.8798e-28,7.9887e-28,8.07652e-28,8.18676e-28,8.2767e-28,8.38788e-28,8.47785e-28,8.58957e-28,8.68094e-28,8.79451e-28,8.8869e-28,9.0002e-28,9.09323e-28,9.20759e-28,9.30261e-28,9.41762e-28,9.51256e-28,9.62783e-28,9.72403e-28,9.84088e-28,9.938e-28,1.00543e-27,1.0152e-27,1.02692e-27,1.03688e-27,1.04882e-27,1.05895e-27,1.07089e-27,1.08114e-27,1.09323e-27,1.10374e-27,1.11594e-27,1.1265e-27,1.13877e-27,1.14953e-27,1.16199e-27,1.17309e-27,1.18572e-27,1.19693e-27,1.20969e-27,1.22117e-27,1.23419e-27,1.24588e-27,1.25895e-27,1.27084e-27,1.2841e-27,1.2963e-27,1.30971e-27,1.32204e-27,1.33557e-27,1.34816e-27,1.36195e-27,1.37478e-27,1.38863e-27,1.40169e-27,1.41576e-27,1.42919e-27,1.44363e-27,1.45741e-27,1.47202e-27,1.48609e-27,1.50093e-27,1.5153e-27,1.53012e-27,1.5442e-27,1.5583e-27,1.57119e-27,1.58314e-27,1.59267e-27,1.59922e-27,1.60098e-27,1.59712e-27,1.58619e-27,1.56819e-27,1.54379e-27,1.51573e-27
0,1.36514e-29,2.7239e-29,4.09542e-29,5.44782e-29,6.82574e-29,8.17181e-29,9.55612e-29,1.08959e-28,1.22866e-28,1.36202e-28,1.50172e-28,1.63463e-28,1.77513e-28,1.90726e-28,2.04823e-28,2.17993e-28,2.32168e-28,2.45263e-28,2.59485e-28,2.72538e-28,2.86838e-28,2.9982e-28,3.14197e-28,3.27172e-28,3.41626e-28,3.54532e-28,3.68997e-28,3.81836e-28,3.96376e-28,4.09149e-28,4.23764e-28,4.36538e-28,4.51227e-28,4.6394e-28,4.78639e-28,4.91293e-28,5.06065e-28,5.18665e-28,5.33511e-28,5.46124e-28,5.61045e-28,5.73676e-28,5.88672e-28,6.01258e-28,6.16393e-28,6.29003e-28,6.4421e-28,6.56782e-28,6.71996e-28,6.84596e-28,6.99881e-28,7.12449e-28,7.27738e-28,7.40213e-28,7.55572e-28,7.68023e-28,7.83389e-28,7.95887e-28,8.11326e-28,8.23812e-28,8.39389e-28,8.51934e-28,8.67586e-28,8.8013e-28,8.95792e-28,9.08403e-28,9.24139e-28,9.36758e-28,9.52505e-28,9.65074e-28,9.80897e-28,9.93487e-28,1.00932e-27,1.02201e-27,1.03793e-27,1.05065e-27,1.06672e-27,1.07955e-27,1.09571e-27,1.10859e-27,1.12478e-27,1.13779e-27,1.15419e-27,1.16727e-27,1.18358e-27,1.19667e-27,1.21307e-27,1.22638e-27,1.24309e-27,1.25656e-27,1.27325e-27,1.28682e-27,1.30369e-27,1.31758e-27,1.33457e-27,1.34845e-27,1.3655e-27,1.37958e-27,1.39688e-27,1.4111e-27,1.42835e-27,1.44266e-27,1.46004e-27,1.47464e-27,1.4921e-27,1.50669e-27,1.52417e-27,1.53895e-27,1.55666e-27,1.57183e-27,1.58971e-27,1.60497e-27,1.62296e-27,1.63851e-27,1.65682e-27,1.67261e-27,1.69092e-27,1.70689e-27,1.72541e-27,1.74178e-27,1.7607e-27,1.77741e-27,1.79642e-27,1.81341e-27,1.83272e-27,1.8502e-27,1.86974e-27,1.8874e-27,1.90712e-27,1.92516e-27,1.94526e-27,1.96364e-27,1.98381e-27,2.00247e-27,2.02292e-27,2.04208e-27,2.06278e-27,2.08216e-27,2.10307e-27,2.1229e-27,2.14425e-27,2.16476e-27,2.18653e-27,2.20741e-27,2.22953e-27,2.25095e-27,2.27348e-27,2.2951e-27,2.31726e-27,2.33823e-27,2.35888e-27,2.37726e-27,2.39335e-27,2.40433e-27,2.40898e-27,2.40421e-27,2.38838e-27,2.35996e-27,2.32027e-27,2.27359e-27
0,1.81593e-29,3.64038e-29,5.44782e-29,7.28078e-29,9.07977e-29,1.09212e-28,1.27118e-28,1.45618e-28,1.63441e-28,1.82026e-28,1.99766e-28,2.18457e-28,2.36137e-28,2.54891e-28,2.72469e-28,2.91327e-28,3.08848e-28,3.27768e-28,3.4519e-28,3.64214e-28,3.81582e-28,4.00667e-28,4.17983e-28,4.37214e-28,4.5448e-28,4.7377e-28,4.90901e-28,5.10248e-28,5.27333e-28,5.46737e-28,5.63779e-28,5.83325e-28,6.00327e-28,6.19929e-28,6.36808e-28,6.56465e-28,6.73311e-28,6.93023e-28,7.09842e-28,7.29697e-28,7.46493e-28,7.6649e-28,7.8327e-28,8.03324e-28,8.20176e-28,8.40371e-28,8.57213e-28,8.77462e-28,8.94211e-28,9.14597e-28,9.31344e-28,9.51779e-28,9.68441e-28,9.8884e-28,1.00551e-27,1.02596e-27,1.04256e-27,1.06315e-27,1.07977e-27,1.10041e-27,1.11715e-27,1.13794e-27,1.15472e-27,1.17556e-27,1.1923e-27,1.21328e-27,1.23007e-27,1.25111e-27,1.26787e-27,1.28888e-27,1.30571e-27,1.32678e-27,1.34359e-27,1.36482e-27,1.38172e-27,1.40301e-27,1.4201e-27,1.44155e-27,1.45875e-27,1.48027e-27,1.4975e-27,1.51919e-27,1.53672e-27,1.55849e-27,1.5759e-27,1.59768e-27,1.61524e-27,1.63728e-27,1.65527e-27,1.6775e-27,1.69549e-27,1.71783e-27,1.73611e-27,1.75882e-27,1.77729e-27,1.79995e-27,1.81855e-27,1.84142e-27,1.86042e-27,1.88342e-27,1.90241e-27,1.92546e-27,1.94469e-27,1.96806e-27,1.98748e-27,2.01074e-27,2.03027e-27,2.0537e-27,2.07363e-27,2.09749e-27,2.11774e-27,2.14162e-27,2.16212e-27,2.18629e-27,2.20732e-27,2.2317e-27,2.25283e-27,2.27735e-27,2.29887e-27,2.32379e-27,2.34598e-27,2.37123e-27,2.39366e-27,2.41918e-27,2.44212e-27,2.46816e-27,2.49155e-27,2.51769e-27,2.54145e-27,2.56796e-27,2.59237e-27,2.61917e-27,2.64382e-27,2.67086e-27,2.69603e-27,2.72359e-27,2.74923e-27,2.77692e-27,2.803e-27,2.83113e-27,2.85797e-27,2.88685e-27,2.91441e-27,2.94367e-27,2.97191e-27,3.00179e-27,3.03088e-27,3.06109e-27,3.09019e-27,3.11986e-27,3.14785e-27,3.17492e-27,3.19823e-27,3.21661e-27,3.22587e-27,3.22301e-27,3.20297e-27,3.16324e-27,3.10366e-27,3.03146e-27
0,2.27524e-29,4.53986e-29,6.82574e-29,9.07977e-29,1.13763e-28,1.36198e-28,1.59269e-28,1.816e-28,2.04777e-28,2.27004e-28,2.50288e-28,2.7244e-28,2.95856e-28,3.17879e-28,3.41373e-28,3.63324e-28,3.86948e-28,4.08774e-28,4.32475e-28,4.54232e-28,4.78063e-28,4.99701e-28,5.23662e-28,5.45289e-28,5.69378e-28,5.9089e-28,6.14997e-28,6.36395e-28,6.60627e-28,6.81916e-28,7.06272e-28,7.27564e-28,7.52045e-28,7.73234e-28,7.97729e-28,8.1882e-28,8.43437e-28,8.64436e-28,8.89177e-28,9.10199e-28,9.35065e-28,9.56117e-28,9.81107e-28,1.00209e-27,1.02731e-27,1.04833e-27,1.07367e-27,1.09463e-27,1.11998e-27,1.14099e-27,1.16646e-27,1.18741e-27,1.21289e-27,1.23368e-27,1.25927e-27,1.28002e-27,1.30563e-27,1.32645e-27,1.35218e-27,1.37299e-27,1.39895e-27,1.41986e-27,1.44594e-27,1.46685e-27,1.49295e-27,1.51397e-27,1.5402e-27,1.56123e-27,1.58747e-27,1.60842e-27,1.63478e-27,1.65576e-27,1.68215e-27,1.70329e-27,1.72982e-27,1.75102e-27,1.7778e-27,1.79918e-27,1.82611e-27,1.84758e-27,1.87455e-27,1.89623e-27,1.92356e-27,1.94536e-27,1.97253e-27,1.99434e-27,2.02168e-27,2.04385e-27,2.07169e-27,2.09414e-27,2.12195e-27,2.14457e-27,2.17268e-27,2.19582e-27,2.22413e-27,2.24727e-27,2.27567e-27,2.29914e-27,2.32797e-27,2.35167e-27,2.3804e-27,2.40425e-27,2.43321e-27,2.45754e-27,2.48663e-27,2.51093e-27,2.54006e-27,2.56468e-27,2.59419e-27,2.61947e-27,2.64926e-27,2.67468e-27,2.70467e-27,2.73057e-27,2.76109e-27,2.78739e-27,2.8179e-27,2.84451e-27,2.87537e-27,2.90264e-27,2.93417e-27,2.96201e-27,2.99369e-27,3.02201e-27,3.05418e-27,3.08331e-27,3.11588e-27,3.1453e-27,3.17816e-27,3.20822e-27,3.2417e-27,3.27231e-27,3.30591e-27,3.33699e-27,3.37105e-27,3.40297e-27,3.43743e-27,3.46969e-27,3.50449e-27,3.5375e-27,3.57305e-27,3.60721e-27,3.64349e-27,3.67835e-27,3.71534e-27,3.75128e-27,3.78931e-27,3.82617e-27,3.86448e-27,3.90164e-27,3.93948e-27,3.97524e-27,4.00926e-27,4.03703e-27,4.05586e-27,4.0585e-27,4.03804e-27,3.986e-27,3.89991e-27,3.78932e-27
0,2.72393e-29,5.46061e-29,8.17181e-29,1.09212e-28,1.36198e-28,1.6382e-28,1.90679e-28,2.18428e-28,2.45163e-28,2.73039e-28,2.99651e-28,3.27687e-28,3.54208e-28,3.82338e-28,4.08706e-28,4.36993e-28,4.63275e-28,4.91654e-28,5.17787e-28,5.46322e-28,5.72375e-28,6.01001e-28,6.26977e-28,6.55823e-28,6.81725e-28,7.10657e-28,7.36355e-28,7.65373e-28,7.91001e-28,8.20104e-28,8.45669e-28,8.74987e-28,9.00493e-28,9.29893e-28,9.55213e-28,9.84693e-28,1.00996e-27,1.03952e-27,1.06475e-27,1.09453e-27,1.11973e-27,1.14972e-27,1.17489e-27,1.20497e-27,1.23025e-27,1.26054e-27,1.28581e-27,1.31618e-27,1.34131e-27,1.37188e-27,1.397e-27,1.42765e-27,1.45265e-27,1.48324e-27,1.50824e-27,1.53891e-27,1.56381e-27,1.59468e-27,1.61961e-27,1.65057e-27,1.67569e-27,1.70686e-27,1.73203e-27,1.76329e-27,1.7884e-27,1.81987e-27,1.84506e-27,1.87661e-27,1.90175e-27,1.93326e-27,1.95849e-27,1.99009e-27,2.01531e-27,2.04713e-27,2.07249e-27,2.10441e-27,2.13005e-27,2.16221e-27,2.18801e-27,2.22029e-27,2.24613e-27,2.27866e-27,2.30495e-27,2.3376e-27,2.36371e-27,2.39635e-27,2.42269e-27,2.45574e-27,2.48272e-27,2.51606e-27,2.54304e-27,2.57654e-27,2.60395e-27,2.63801e-27,2.66572e-27,2.69969e-27,2.7276e-27,2.76189e-27,2.79039e-27,2.82488e-27,2.85335e-27,2.88791e-27,2.91676e-27,2.9518e-27,2.98092e-27,3.01579e-27,3.04508e-27,3.0802e-27,3.11008e-27,3.14587e-27,3.17623e-27,3.21204e-27,3.24278e-27,3.27902e-27,3.31055e-27,3.34711e-27,3.3788e-27,3.41556e-27,3.44783e-27,3.4852e-27,3.51847e-27,3.55635e-27,3.58998e-27,3.62824e-27,3.66266e-27,3.7017e-27,3.73679e-27,3.77598e-27,3.81161e-27,3.85136e-27,3.88796e-27,3.92814e-27,3.96509e-27,4.00561e-27,4.04334e-27,4.08463e-27,4.12305e-27,4.16451e-27,4.20357e-27,4.24569e-27,4.28589e-27,4.32916e-27,4.37048e-27,4.41438e-27,4.45685e-27,4.50193e-27,4.54609e-27,4.59237e-27,4.63769e-27,4.68502e-27,4.73157e-27,4.77933e-27,4.82505e-27,4.86776e-27,4.90114e-27,4.91821e-27,4.90439e-27,4.84323e-27,4.72049e-27,4.54719e-27
0,3.18537e-29,6.35589e-29,9.55612e-29,1.27118e-28,1.59269e-28,1.90679e-28,2.22978e-28,2.54242e-28,2.86689e-28,3.17808e-28,3.50405e-28,3.81419e-28,4.14201e-28,4.45035e-28,4.77925e-28,5.08658e-28,5.4173e-28,5.72287e-28,6.05466e-28,6.35927e-28,6.69288e-28,6.99582e-28,7.33126e-28,7.6341e-28,7.97134e-28,8.27254e-28,8.60999e-28,8.90958e-28,9.24877e-28,9.54684e-28,9.8878e-28,1.01859e-27,1.05286e-27,1.08253e-27,1.11682e-27,1.14635e-27,1.1808e-27,1.2102e-27,1.24483e-27,1.27426e-27,1.30907e-27,1.33854e-27,1.37352e-27,1.4029e-27,1.43821e-27,1.46764e-27,1.50312e-27,1.53246e-27,1.56796e-27,1.59737e-27,1.63302e-27,1.66236e-27,1.69802e-27,1.72712e-27,1.76295e-27,1.79199e-27,1.82783e-27,1.85699e-27,1.89299e-27,1.92213e-27,1.95847e-27,1.98774e-27,2.02426e-27,2.05353e-27,2.09006e-27,2.1195e-27,2.1562e-27,2.18565e-27,2.22237e-27,2.2517e-27,2.2886e-27,2.31797e-27,2.35489e-27,2.38448e-27,2.42161e-27,2.45129e-27,2.48877e-27,2.51871e-27,2.55639e-27,2.58645e-27,2.62419e-27,2.65455e-27,2.69281e-27,2.72331e-27,2.76133e-27,2.79185e-27,2.8301e-27,2.86114e-27,2.90011e-27,2.93153e-27,2.97045e-27,3.00212e-27,3.04146e-27,3.07386e-27,3.11348e-27,3.14586e-27,3.18561e-27,3.21846e-27,3.25881e-27,3.29199e-27,3.3322e-27,3.36557e-27,3.4061e-27,3.44016e-27,3.48086e-27,3.51487e-27,3.55562e-27,3.59006e-27,3.63135e-27,3.66673e-27,3.70843e-27,3.74401e-27,3.78597e-27,3.82223e-27,3.86493e-27,3.90174e-27,3.94444e-27,3.98167e-27,4.02484e-27,4.06301e-27,4.10714e-27,4.14611e-27,4.19045e-27,4.23009e-27,4.27512e-27,4.3159e-27,4.36147e-27,4.40266e-27,4.44863e-27,4.4907e-27,4.53756e-27,4.58039e-27,4.62738e-27,4.67085e-27,4.71849e-27,4.76311e-27,4.81128e-27,4.85636e-27,4.90499e-27,4.95108e-27,5.00076e-27,5.04848e-27,5.0992e-27,5.14796e-27,5.19978e-27,5.25029e-27,5.30398e-27,5.3565e-27,5.41182e-27,5.46686e-27,5.52506e-27,5.58385e-27,5.64563e-27,5.70637e-27,5.76421e-27,5.80807e-27,5.81924e-27,5.7615e-27,5.59197e-27,5.30505e-27
0,3.63196e-29,7.28089e-29,1.08959e-28,1.45618e-28,1.816e-28,2.18428e-28,2.54242e-28,2.91239e-28,3.26886e-28,3.64053e-28,3.99537e-28,4.36918e-28,4.72284e-28,5.09788e-28,5.44948e-28,5.82662e-28,6.17708e-28,6.55541e-28,6.90387e-28,7.28429e-28,7.63168e-28,8.01331e-28,8.35972e-28,8.74435e-28,9.08978e-28,9.47553e-28,9.81817e-28,1.0205e-27,1.05467e-27,1.09347e-27,1.12756e-27,1.16665e-27,1.20067e-27,1.23986e-27,1.27362e-27,1.31292e-27,1.34661e-27,1.38601e-27,1.41965e-27,1.45934e-27,1.49294e-27,1.53292e-27,1.56649e-27,1.60658e-27,1.6403e-27,1.68069e-27,1.71439e-27,1.75487e-27,1.78839e-27,1.82915e-27,1.86266e-27,1.90352e-27,1.93685e-27,1.97762e-27,2.01096e-27,2.05182e-27,2.08502e-27,2.12617e-27,2.15941e-27,2.20067e-27,2.23417e-27,2.27573e-27,2.3093e-27,2.35097e-27,2.38445e-27,2.4264e-27,2.45999e-27,2.50205e-27,2.53557e-27,2.57756e-27,2.61121e-27,2.65331e-27,2.68693e-27,2.72934e-27,2.76314e-27,2.80569e-27,2.83987e-27,2.88275e-27,2.91714e-27,2.96016e-27,2.99462e-27,3.03798e-27,3.07304e-27,3.11656e-27,3.15135e-27,3.19484e-27,3.22993e-27,3.27398e-27,3.30995e-27,3.35439e-27,3.39036e-27,3.435e-27,3.47154e-27,3.51695e-27,3.55389e-27,3.59917e-27,3.63636e-27,3.68206e-27,3.72008e-27,3.76604e-27,3.80399e-27,3.85003e-27,3.8885e-27,3.93519e-27,3.97401e-27,4.02047e-27,4.05948e-27,4.10627e-27,4.14609e-27,4.19379e-27,4.23427e-27,4.28199e-27,4.32295e-27,4.37126e-27,4.41329e-27,4.46201e-27,4.50424e-27,4.5532e-27,4.5962e-27,4.64601e-27,4.69037e-27,4.74086e-27,4.78569e-27,4.83668e-27,4.88256e-27,4.93462e-27,4.98139e-27,5.03361e-27,5.0811e-27,5.13407e-27,5.18286e-27,5.2364e-27,5.28562e-27,5.33958e-27,5.38982e-27,5.4448e-27,5.49593e-27,5.55109e-27,5.60303e-27,5.65903e-27,5.71247e-27,5.77001e-27,5.82496e-27,5.88335e-27,5.93988e-27,6e-27,6.05911e-27,6.12141e-27,6.18312e-27,6.24876e-27,6.31566e-27,6.38826e-27,6.46518e-27,6.54979e-27,6.64002e-27,6.73216e-27,6.80255e-27,6.79215e-27,6.58062e-27,6.06291e-27
0,4.09553e-29,8.172e-29,1.22866e-28,1.63441e-28,2.04777e-28,2.45163e-28,2.86689e-28,3.26886e-28,3.68602e-28,4.08613e-28,4.5052e-28,4.90402e-28,5.32552e-28,5.72197e-28,6.14478e-28,6.53998e-28,6.96519e-28,7.35806e-28,7.78456e-28,8.17624e-28,8.6051e-28,8.99459e-28,9.42586e-28,9.81538e-28,1.0249e-27,1.06364e-27,1.10701e-27,1.14553e-27,1.18913e-27,1.22744e-27,1.27128e-27,1.30963e-27,1.35369e-27,1.39184e-27,1.43591e-27,1.47387e-27,1.51816e-27,1.55595e-27,1.60046e-27,1.6383e-27,1.68304e-27,1.72095e-27,1.76591e-27,1.80367e-27,1.84907e-27,1.88693e-27,1.93255e-27,1.97028e-27,2.0159e-27,2.05373e-27,2.09958e-27,2.13731e-27,2.18314e-27,2.22056e-27,2.26659e-27,2.30393e-27,2.34998e-27,2.38747e-27,2.43374e-27,2.47119e-27,2.51791e-27,2.55557e-27,2.60251e-27,2.64015e-27,2.6871e-27,2.72496e-27,2.77214e-27,2.81002e-27,2.85721e-27,2.8949e-27,2.94232e-27,2.98007e-27,3.02752e-27,3.06556e-27,3.11325e-27,3.15141e-27,3.19958e-27,3.23808e-27,3.28652e-27,3.32516e-27,3.37365e-27,3.41269e-27,3.4619e-27,3.50112e-27,3.54995e-27,3.58914e-27,3.63826e-27,3.67816e-27,3.72827e-27,3.76867e-27,3.81867e-27,3.85936e-27,3.90993e-27,3.95161e-27,4.00254e-27,4.04414e-27,4.0952e-27,4.13743e-27,4.18933e-27,4.23198e-27,4.28362e-27,4.3265e-27,4.37859e-27,4.4224e-27,4.47471e-27,4.51837e-27,4.57069e-27,4.61492e-27,4.66798e-27,4.71349e-27,4.76708e-27,4.81278e-27,4.86669e-27,4.9133e-27,4.96821e-27,5.01552e-27,5.07035e-27,5.11817e-27,5.17361e-27,5.22267e-27,5.27942e-27,5.32952e-27,5.38649e-27,5.43742e-27,5.4953e-27,5.54776e-27,5.60634e-27,5.65925e-27,5.71831e-27,5.77239e-27,5.83263e-27,5.88766e-27,5.948e-27,6.00381e-27,6.06497e-27,6.12228e-27,6.18409e-27,6.24188e-27,6.30419e-27,6.36324e-27,6.4269e-27,6.48806e-27,6.55302e-27,6.61543e-27,6.68176e-27,6.74646e-27,6.81535e-27,6.88288e-27,6.95436e-27,7.0263e-27,7.10406e-27,7.18617e-27,7.27941e-27,7.38569e-27,7.51586e-27,7.67705e-27,7.86822e-27,8.02322e-27,7.87591e-27,6.82078e-27
0,4.54005e-29,9.10126e-29,1.36202e-28,1.82026e-28,2.27004e-28,2.73039e-28,3.17808e-28,3.64053e-28,4.08613e-28,4.55065e-28,4.99418e-28,5.46154e-28,5.90376e-28,6.37243e-28,6.81187e-28,7.28336e-28,7.72157e-28,8.19435e-28,8.62984e-28,9.10537e-28,9.53966e-28,1.00164e-27,1.04495e-27,1.09305e-27,1.13626e-27,1.18448e-27,1.22729e-27,1.27563e-27,1.31835e-27,1.36681e-27,1.40943e-27,1.45831e-27,1.50086e-27,1.54986e-27,1.59203e-27,1.64114e-27,1.68325e-27,1.73247e-27,1.77452e-27,1.82412e-27,1.86612e-27,1.91611e-27,1.95805e-27,2.00813e-27,2.05033e-27,2.10081e-27,2.14298e-27,2.19355e-27,2.23542e-27,2.2864e-27,2.32831e-27,2.3794e-27,2.42104e-27,2.47196e-27,2.51366e-27,2.5647e-27,2.60616e-27,2.6576e-27,2.69912e-27,2.75066e-27,2.79257e-27,2.84451e-27,2.88652e-27,2.93856e-27,2.9804e-27,3.03286e-27,3.07486e-27,3.12745e-27,3.16933e-27,3.22176e-27,3.26384e-27,3.31641e-27,3.35841e-27,3.41141e-27,3.45363e-27,3.50677e-27,3.54953e-27,3.60311e-27,3.64613e-27,3.69985e-27,3.74287e-27,3.79706e-27,3.84102e-27,3.89539e-27,3.9388e-27,3.99303e-27,4.03682e-27,4.09185e-27,4.13695e-27,4.19246e-27,4.23736e-27,4.29307e-27,4.33875e-27,4.3956e-27,4.44178e-27,4.49828e-27,4.5447e-27,4.6018e-27,4.64943e-27,4.70685e-27,4.75421e-27,4.81168e-27,4.85975e-27,4.91821e-27,4.96671e-27,5.02467e-27,5.07332e-27,5.13169e-27,5.18145e-27,5.24117e-27,5.29175e-27,5.3513e-27,5.40243e-27,5.46278e-27,5.51543e-27,5.5763e-27,5.62899e-27,5.69007e-27,5.74373e-27,5.80596e-27,5.86152e-27,5.92461e-27,5.98058e-27,6.04423e-27,6.10158e-27,6.16675e-27,6.2252e-27,6.29039e-27,6.34967e-27,6.41584e-27,6.47692e-27,6.5438e-27,6.60519e-27,6.6725e-27,6.73521e-27,6.80394e-27,6.86771e-27,6.93641e-27,7.00103e-27,7.07071e-27,7.13725e-27,7.20899e-27,7.27732e-27,7.34983e-27,7.41995e-27,7.49455e-27,7.56791e-27,7.64499e-27,7.72115e-27,7.80218e-27,7.88514e-27,7.97666e-27,8.07791e-27,8.20015e-27,8.35909e-27,8.59392e-27,8.9695e-27,9.55735e-27,1.00787e-26,7.57864e-27
0,5.00574e-29,9.98825e-29,1.50172e-28,1.99766e-28,2.50288e-28,2.99651e-28,3.50405e-28,3.99537e-28,4.5052e-28,4.99418e-28,5.50605e-28,5.99394e-28,6.50945e-28,6.99367e-28,7.51002e-28,7.99347e-28,8.51351e-28,8.99337e-28,9.51421e-28,9.99332e-28,1.05177e-27,1.09927e-27,1.152e-27,1.19967e-27,1.25273e-27,1.3001e-27,1.353e-27,1.4001e-27,1.4534e-27,1.50014e-27,1.55373e-27,1.60066e-27,1.65457e-27,1.70123e-27,1.75498e-27,1.80141e-27,1.85554e-27,1.90163e-27,1.95604e-27,2.00233e-27,2.05692e-27,2.10341e-27,2.15824e-27,2.20431e-27,2.25993e-27,2.30617e-27,2.36207e-27,2.40808e-27,2.46372e-27,2.51012e-27,2.56609e-27,2.61237e-27,2.66826e-27,2.7139e-27,2.77029e-27,2.81583e-27,2.87198e-27,2.91795e-27,2.97437e-27,3.02006e-27,3.07729e-27,3.12328e-27,3.18078e-27,3.22668e-27,3.28394e-27,3.33037e-27,3.38798e-27,3.43443e-27,3.49198e-27,3.53794e-27,3.59601e-27,3.64205e-27,3.6999e-27,3.74654e-27,3.8047e-27,3.85123e-27,3.91024e-27,3.95725e-27,4.01657e-27,4.06368e-27,4.12276e-27,4.17043e-27,4.23102e-27,4.27891e-27,4.33837e-27,4.38608e-27,4.44591e-27,4.49463e-27,4.55631e-27,4.60563e-27,4.66653e-27,4.71608e-27,4.7778e-27,4.82921e-27,4.89136e-27,4.94202e-27,5.00422e-27,5.05577e-27,5.11962e-27,5.17169e-27,5.23459e-27,5.28681e-27,5.35037e-27,5.40437e-27,5.46821e-27,5.52139e-27,5.58509e-27,5.63895e-27,5.70371e-27,5.75978e-27,5.82519e-27,5.88086e-27,5.94652e-27,6.00342e-27,6.07096e-27,6.12873e-27,6.19552e-27,6.25375e-27,6.3213e-27,6.3812e-27,6.45101e-27,6.51217e-27,6.5816e-27,6.64366e-27,6.71433e-27,6.7789e-27,6.85041e-27,6.91489e-27,6.98686e-27,7.05288e-27,7.12691e-27,7.19408e-27,7.26758e-27,7.33553e-27,7.41011e-27,7.4805e-27,7.55581e-27,7.62607e-27,7.70177e-27,7.77349e-27,7.8509e-27,7.92573e-27,8.00461e-27,8.08016e-27,8.16038e-27,8.23856e-27,8.32209e-27,8.40301e-27,8.48792e-27,8.57225e-27,8.66199e-27,8.75471e-27,8.85841e-27,8.97554e-27,9.12886e-27,9.36884e-27,9.86044e-27,1.1157e-26,1.53037e-26,3.03222e-26
0,5.44874e-29,1.09228e-28,1.63463e-28,2.18457e-28,2.7244e-28,3.27687e-28,3.81419e-28,4.36918e-28,4.90402e-28,5.46154e-28,5.99394e-28,6.55464e-28,7.08527e-28,7.6478e-28,8.17537e-28,8.74104e-28,9.26689e-28,9.83436e-28,1.03572e-27,1.09278e-27,1.14491e-27,1.20215e-27,1.25412e-27,1.3118e-27,1.36363e-27,1.42148e-27,1.4729e-27,1.53091e-27,1.58219e-27,1.64038e-27,1.69153e-27,1.75015e-27,1.80119e-27,1.85997e-27,1.91063e-27,1.96956e-27,2.02012e-27,2.07921e-27,2.12969e-27,2.18921e-27,2.23963e-27,2.29958e-27,2.34995e-27,2.41006e-27,2.46066e-27,2.5212e-27,2.57176e-27,2.63246e-27,2.68274e-27,2.74385e-27,2.79412e-27,2.85538e-27,2.90539e-27,2.96651e-27,3.01654e-27,3.07781e-27,3.12762e-27,3.18931e-27,3.2392e-27,3.30105e-27,3.3513e-27,3.41359e-27,3.46396e-27,3.52641e-27,3.57664e-27,3.63952e-27,3.68991e-27,3.75294e-27,3.80323e-27,3.86617e-27,3.91665e-27,3.97975e-27,4.0302e-27,4.09376e-27,4.14446e-27,4.20823e-27,4.25949e-27,4.32374e-27,4.37533e-27,4.43979e-27,4.49147e-27,4.55643e-27,4.60901e-27,4.67421e-27,4.72639e-27,4.79156e-27,4.8442e-27,4.91019e-27,4.96413e-27,5.03068e-27,5.08462e-27,5.15149e-27,5.20627e-27,5.27427e-27,5.32965e-27,5.39746e-27,5.45321e-27,5.52165e-27,5.57861e-27,5.64744e-27,5.70432e-27,5.77329e-27,5.83093e-27,5.90086e-27,5.95903e-27,6.02862e-27,6.0871e-27,6.15719e-27,6.21687e-27,6.2883e-27,6.34895e-27,6.42042e-27,6.48182e-27,6.55417e-27,6.61716e-27,6.69014e-27,6.75344e-27,6.82681e-27,6.89128e-27,6.96591e-27,7.0324e-27,7.10804e-27,7.17526e-27,7.25166e-27,7.32045e-27,7.39844e-27,7.46854e-27,7.54679e-27,7.61797e-27,7.6973e-27,7.77038e-27,7.85053e-27,7.9242e-27,8.00492e-27,8.08003e-27,8.16217e-27,8.2385e-27,8.32079e-27,8.39818e-27,8.48154e-27,8.56097e-27,8.6464e-27,8.72782e-27,8.81422e-27,8.89761e-27,8.98603e-27,9.07245e-27,9.16281e-27,9.25103e-27,9.34309e-27,9.43387e-27,9.52833e-27,9.62228e-27,9.71822e-27,9.81101e-27,9.89602e-27,9.94763e-27,9.90752e-27,9.65667e-27,9.09437e-27
0,5.91708e-29,1.18068e-28,1.77513e-28,2.36137e-28,2.95856e-28,3.54208e-28,4.14201e-28,4.72284e-28,5.32552e-28,5.90376e-28,6.50945e-28,7.08527e-28,7.69367e-28,8.26697e-28,8.87815e-28,9.44879e-28,1.00626e-27,1.06307e-27,1.12473e-27,1.18129e-27,1.24322e-27,1.29962e-27,1.36187e-27,1.41808e-27,1.48063e-27,1.53657e-27,1.59933e-27,1.65499e-27,1.71795e-27,1.77344e-27,1.83671e-27,1.89205e-27,1.95561e-27,2.01072e-27,2.07447e-27,2.12933e-27,2.19328e-27,2.24803e-27,2.31229e-27,2.36696e-27,2.43164e-27,2.48626e-27,2.55129e-27,2.60598e-27,2.67135e-27,2.72608e-27,2.79175e-27,2.84638e-27,2.91234e-27,2.96683e-27,3.03303e-27,3.08737e-27,3.15365e-27,3.20785e-27,3.27418e-27,3.32827e-27,3.39487e-27,3.44892e-27,3.51583e-27,3.57008e-27,3.63733e-27,3.69176e-27,3.75933e-27,3.81382e-27,3.88168e-27,3.9362e-27,4.00432e-27,4.05887e-27,4.12709e-27,4.18168e-27,4.24997e-27,4.30465e-27,4.37325e-27,4.42808e-27,4.49703e-27,4.55227e-27,4.6216e-27,4.67724e-27,4.74696e-27,4.8029e-27,4.87303e-27,4.92943e-27,4.99987e-27,5.05655e-27,5.12722e-27,5.1841e-27,5.2552e-27,5.31285e-27,5.38459e-27,5.44294e-27,5.51525e-27,5.57418e-27,5.64713e-27,5.70675e-27,5.78021e-27,5.84045e-27,5.91428e-27,5.97524e-27,6.04953e-27,6.1111e-27,6.18577e-27,6.24784e-27,6.32296e-27,6.38565e-27,6.46111e-27,6.52436e-27,6.60008e-27,6.66415e-27,6.7407e-27,6.80582e-27,6.88312e-27,6.94927e-27,7.02719e-27,7.09448e-27,7.17313e-27,7.24145e-27,7.32077e-27,7.39007e-27,7.47028e-27,7.54114e-27,7.62248e-27,7.69482e-27,7.77721e-27,7.85093e-27,7.93447e-27,8.00965e-27,8.09419e-27,8.17076e-27,8.25615e-27,8.3342e-27,8.42052e-27,8.49991e-27,8.58706e-27,8.66765e-27,8.75572e-27,8.83762e-27,8.92649e-27,9.00968e-27,9.09933e-27,9.18413e-27,9.27522e-27,9.36201e-27,9.45464e-27,9.54357e-27,9.63783e-27,9.72916e-27,9.82524e-27,9.91875e-27,1.00161e-26,1.01106e-26,1.02073e-26,1.02992e-26,1.03877e-26,1.04612e-26,1.05039e-26,1.04552e-26,1.01289e-26,8.86769e-27,4.32179e-27,-1.21335e-26
0,6.35753e-29,1.27445e-28,1.90726e-28,2.54891e-28,3.17879e-28,3.82338e-28,4.45035e-28,5.09788e-28,5.72197e-28,6.37243e-28,6.99367e-28,7.6478e-28,8.26697e-28,8.92326e-28,9.53888e-28,1.01988e-27,1.08124e-27,1.14745e-27,1.20846e-27,1.27503e-27,1.33586e-27,1.40263e-27,1.46328e-27,1.53056e-27,1.59104e-27,1.65852e-27,1.71853e-27,1.78621e-27,1.84605e-27,1.91392e-27,1.97362e-27,2.04199e-27,2.10155e-27,2.17011e-27,2.22924e-27,2.29798e-27,2.35699e-27,2.42592e-27,2.48484e-27,2.55426e-27,2.61311e-27,2.68302e-27,2.7418e-27,2.81192e-27,2.87095e-27,2.94155e-27,3.00055e-27,3.07134e-27,3.13001e-27,3.20127e-27,3.25993e-27,3.33136e-27,3.38972e-27,3.46102e-27,3.5194e-27,3.59087e-27,3.64901e-27,3.72095e-27,3.77917e-27,3.8513e-27,3.90994e-27,3.98256e-27,4.04133e-27,4.11415e-27,4.17276e-27,4.24607e-27,4.30485e-27,4.37835e-27,4.43703e-27,4.51042e-27,4.56933e-27,4.64292e-27,4.70179e-27,4.7759e-27,4.83507e-27,4.90942e-27,4.96923e-27,5.04413e-27,5.10431e-27,5.17946e-27,5.23975e-27,5.31547e-27,5.3768e-27,5.4528e-27,5.51369e-27,5.58969e-27,5.65111e-27,5.72803e-27,5.79093e-27,5.86851e-27,5.93143e-27,6.00937e-27,6.07325e-27,6.15249e-27,6.21706e-27,6.2961e-27,6.36112e-27,6.44088e-27,6.50729e-27,6.5875e-27,6.65383e-27,6.73421e-27,6.80141e-27,6.88289e-27,6.95073e-27,7.03184e-27,7.10006e-27,7.18176e-27,7.25134e-27,7.33458e-27,7.40529e-27,7.48859e-27,7.56019e-27,7.6445e-27,7.71794e-27,7.803e-27,7.87684e-27,7.96239e-27,8.03759e-27,8.12459e-27,8.20212e-27,8.2903e-27,8.36871e-27,8.4578e-27,8.53802e-27,8.62894e-27,8.7107e-27,8.80194e-27,8.88496e-27,8.97745e-27,9.06264e-27,9.15606e-27,9.24194e-27,9.33599e-27,9.42347e-27,9.51907e-27,9.60789e-27,9.70359e-27,9.79354e-27,9.89035e-27,9.9825e-27,1.00815e-26,1.01758e-26,1.02758e-26,1.03721e-26,1.04742e-26,1.05737e-26,1.06773e-26,1.07776e-26,1.08808e-26,1.09795e-26,1.10769e-26,1.11642e-26,1.12381e-26,1.12848e-26,1.12933e-26,1.12422e-26,1.11137e-26,1.08955e-26,1.06101e-26
0,6.82742e-29,1.36234e-28,2.04823e-28,2.72469e-28,3.41373e-28,4.08706e-28,4.77925e-28,5.44948e-28,6.14478e-28,6.81187e-28,7.51002e-28,8.17537e-28,8.87815e-28,9.53888e-28,1.02432e-27,1.09025e-27,1.16114e-27,1.22663e-27,1.29767e-27,1.36302e-27,1.43451e-27,1.49937e-27,1.57125e-27,1.63624e-27,1.70853e-27,1.77315e-27,1.84532e-27,1.90959e-27,1.98225e-27,2.04607e-27,2.11911e-27,2.18311e-27,2.25655e-27,2.32021e-27,2.39352e-27,2.45688e-27,2.53067e-27,2.59363e-27,2.66779e-27,2.73094e-27,2.80538e-27,2.86875e-27,2.94353e-27,3.00642e-27,3.08215e-27,3.14523e-27,3.22132e-27,3.28414e-27,3.35999e-27,3.42322e-27,3.49948e-27,3.56254e-27,3.63875e-27,3.70107e-27,3.77786e-27,3.84006e-27,3.91664e-27,3.97931e-27,4.05625e-27,4.11862e-27,4.19651e-27,4.25924e-27,4.3375e-27,4.40015e-27,4.47819e-27,4.54144e-27,4.6199e-27,4.68319e-27,4.76163e-27,4.82439e-27,4.90344e-27,4.9663e-27,5.04517e-27,5.10873e-27,5.18801e-27,5.25151e-27,5.33179e-27,5.39591e-27,5.47662e-27,5.54091e-27,5.62142e-27,5.68641e-27,5.76866e-27,5.83396e-27,5.91505e-27,5.98023e-27,6.06181e-27,6.12824e-27,6.21197e-27,6.27919e-27,6.36218e-27,6.42979e-27,6.51379e-27,6.58359e-27,6.66818e-27,6.73729e-27,6.82202e-27,6.89224e-27,6.9789e-27,7.04981e-27,7.1355e-27,7.20671e-27,7.29321e-27,7.36653e-27,7.45341e-27,7.52596e-27,7.6128e-27,7.68628e-27,7.77442e-27,7.85055e-27,7.93955e-27,8.01545e-27,8.1049e-27,8.1824e-27,8.2741e-27,8.35279e-27,8.44384e-27,8.52332e-27,8.61541e-27,8.69704e-27,8.79185e-27,8.87521e-27,8.96985e-27,9.05452e-27,9.15076e-27,9.23853e-27,9.33594e-27,9.42391e-27,9.52203e-27,9.61197e-27,9.71254e-27,9.804e-27,9.90409e-27,9.99661e-27,1.0098e-26,1.01933e-26,1.02955e-26,1.03908e-26,1.04934e-26,1.05903e-26,1.06947e-26,1.07952e-26,1.09012e-26,1.10026e-26,1.11101e-26,1.12144e-26,1.13253e-26,1.14322e-26,1.1543e-26,1.16502e-26,1.1759e-26,1.1861e-26,1.19582e-26,1.20387e-26,1.21074e-26,1.21895e-26,1.24356e-26,1.34483e-26,1.75372e-26,3.33537e-26
0,7.26641e-29,1.45663e-28,2.17993e-28,2.91327e-28,3.63324e-28,4.36993e-28,5.08658e-28,5.82662e-28,6.53998e-28,7.28336e-28,7.99347e-28,8.74104e-28,9.44879e-28,1.01988e-27,1.09025e-27,1.16567e-27,1.23581e-27,1.31146e-27,1.38121e-27,1.45728e-27,1.52682e-27,1.60312e-27,1.67246e-27,1.74934e-27,1.81847e-27,1.89558e-27,1.96418e-27,2.04151e-27,2.10992e-27,2.18747e-27,2.25572e-27,2.33384e-27,2.40193e-27,2.48025e-27,2.54785e-27,2.62639e-27,2.69386e-27,2.77261e-27,2.83996e-27,2.91928e-27,2.98655e-27,3.06643e-27,3.13362e-27,3.21372e-27,3.28121e-27,3.36187e-27,3.42932e-27,3.51018e-27,3.57726e-27,3.65866e-27,3.72573e-27,3.80732e-27,3.87404e-27,3.95548e-27,4.02222e-27,4.10385e-27,4.17031e-27,4.25249e-27,4.31904e-27,4.40144e-27,4.46846e-27,4.55142e-27,4.61859e-27,4.70176e-27,4.76876e-27,4.85249e-27,4.91969e-27,5.00363e-27,5.0707e-27,5.15452e-27,5.22184e-27,5.30589e-27,5.37317e-27,5.45781e-27,5.52543e-27,5.61034e-27,5.67869e-27,5.76422e-27,5.833e-27,5.91882e-27,5.98771e-27,6.07418e-27,6.14426e-27,6.23104e-27,6.30062e-27,6.38739e-27,6.45757e-27,6.5454e-27,6.61726e-27,6.70583e-27,6.77771e-27,6.8667e-27,6.93967e-27,7.03014e-27,7.1039e-27,7.19414e-27,7.2684e-27,7.35946e-27,7.4353e-27,7.52687e-27,7.60262e-27,7.69438e-27,7.77113e-27,7.86414e-27,7.9416e-27,8.03419e-27,8.11209e-27,8.20535e-27,8.28481e-27,8.37981e-27,8.46056e-27,8.55565e-27,8.63741e-27,8.73366e-27,8.81753e-27,8.91464e-27,8.99896e-27,9.09664e-27,9.18253e-27,9.28187e-27,9.37044e-27,9.47114e-27,9.56071e-27,9.66247e-27,9.75413e-27,9.85798e-27,9.95142e-27,1.00557e-26,1.01505e-26,1.02562e-26,1.03535e-26,1.04602e-26,1.05583e-26,1.06657e-26,1.07655e-26,1.08745e-26,1.09758e-26,1.10848e-26,1.11872e-26,1.12973e-26,1.14019e-26,1.15143e-26,1.16211e-26,1.17344e-26,1.18436e-26,1.19594e-26,1.20725e-26,1.21908e-26,1.23061e-26,1.24259e-26,1.25419e-26,1.26583e-26,1.27644e-26,1.28558e-26,1.29149e-26,1.29263e-26,1.28635e-26,1.27078e-26,1.24512e-26,1.21258e-26
0,7.73893e-29,1.54423e-28,2.32168e-28,3.08848e-28,3.86948e-28,4.63275e-28,5.4173e-28,6.17708e-28,6.96519e-28,7.72157e-28,8.51351e-28,9.26689e-28,1.00626e-27,1.08124e-27,1.16114e-27,1.23581e-27,1.31607e-27,1.39039e-27,1.47099e-27,1.545e-27,1.62597e-27,1.69973e-27,1.78112e-27,1.85468e-27,1.93647e-27,2.00967e-27,2.09168e-27,2.16451e-27,2.24681e-27,2.31939e-27,2.4021e-27,2.47453e-27,2.55761e-27,2.62973e-27,2.71302e-27,2.78481e-27,2.86839e-27,2.93999e-27,3.02398e-27,3.09552e-27,3.18002e-27,3.25154e-27,3.33649e-27,3.40802e-27,3.49348e-27,3.56508e-27,3.65094e-27,3.72239e-27,3.80855e-27,3.87989e-27,3.96637e-27,4.03752e-27,4.12408e-27,4.19496e-27,4.28165e-27,4.35239e-27,4.43936e-27,4.51011e-27,4.59748e-27,4.66842e-27,4.75631e-27,4.82751e-27,4.91581e-27,4.98706e-27,5.07567e-27,5.14704e-27,5.23599e-27,5.30739e-27,5.39645e-27,5.46782e-27,5.55705e-27,5.62853e-27,5.71807e-27,5.78982e-27,5.87982e-27,5.95202e-27,6.0426e-27,6.11535e-27,6.20642e-27,6.27953e-27,6.37104e-27,6.44475e-27,6.53686e-27,6.61094e-27,6.70313e-27,6.77742e-27,6.87016e-27,6.9455e-27,7.03928e-27,7.11552e-27,7.20983e-27,7.2868e-27,7.38198e-27,7.46002e-27,7.55586e-27,7.63451e-27,7.7308e-27,7.81042e-27,7.90748e-27,7.98789e-27,8.08525e-27,8.16626e-27,8.26425e-27,8.34625e-27,8.44468e-27,8.52721e-27,8.62592e-27,8.70951e-27,8.80935e-27,8.89453e-27,8.99534e-27,9.08166e-27,9.18327e-27,9.27112e-27,9.37388e-27,9.46309e-27,9.56653e-27,9.65698e-27,9.76162e-27,9.85417e-27,9.96049e-27,1.0055e-26,1.01626e-26,1.02589e-26,1.0368e-26,1.04664e-26,1.05768e-26,1.06769e-26,1.07884e-26,1.08905e-26,1.10034e-26,1.11071e-26,1.12208e-26,1.1326e-26,1.14408e-26,1.15476e-26,1.16632e-26,1.17713e-26,1.18875e-26,1.19972e-26,1.21148e-26,1.22268e-26,1.2346e-26,1.24602e-26,1.25812e-26,1.26986e-26,1.28228e-26,1.29444e-26,1.30725e-26,1.31992e-26,1.33315e-26,1.34614e-26,1.35901e-26,1.37014e-26,1.37739e-26,1.37353e-26,1.33876e-26,1.20666e-26,7.43507e-27,-9.10203e-27
0,8.17542e-29,1.63884e-28,2.45263e-28,3.27768e-28,4.08774e-28,4.91654e-28,5.72287e-28,6.55541e-28,7.35806e-28,8.19435e-28,8.99337e-28,9.83436e-28,1.06307e-27,1.14745e-27,1.22663e-27,1.31146e-27,1.39039e-27,1.47549e-27,1.55398e-27,1.63954e-27,1.71779e-27,1.80361e-27,1.88164e-27,1.96812e-27,2.04593e-27,2.13266e-27,2.20985e-27,2.29682e-27,2.37381e-27,2.46103e-27,2.53783e-27,2.62569e-27,2.70232e-27,2.79042e-27,2.86648e-27,2.9548e-27,3.03072e-27,3.11927e-27,3.19507e-27,3.28426e-27,3.35996e-27,3.44978e-27,3.52541e-27,3.61548e-27,3.69144e-27,3.78215e-27,3.85806e-27,3.949e-27,4.02449e-27,4.11603e-27,4.19151e-27,4.28326e-27,4.35834e-27,4.4499e-27,4.525e-27,4.61676e-27,4.69154e-27,4.78393e-27,4.85881e-27,4.95144e-27,5.02686e-27,5.12014e-27,5.19573e-27,5.28924e-27,5.36464e-27,5.45878e-27,5.53439e-27,5.62876e-27,5.70422e-27,5.79844e-27,5.87418e-27,5.96864e-27,6.04432e-27,6.13946e-27,6.21552e-27,6.31096e-27,6.38785e-27,6.484e-27,6.56137e-27,6.65783e-27,6.73533e-27,6.83252e-27,6.91135e-27,7.00888e-27,7.08713e-27,7.18462e-27,7.26352e-27,7.36222e-27,7.44304e-27,7.54258e-27,7.62341e-27,7.72341e-27,7.80547e-27,7.90714e-27,7.99009e-27,8.09148e-27,8.17498e-27,8.2773e-27,8.36258e-27,8.46546e-27,8.55062e-27,8.65371e-27,8.73999e-27,8.84448e-27,8.93155e-27,9.03554e-27,9.12308e-27,9.22782e-27,9.31712e-27,9.42386e-27,9.51462e-27,9.62144e-27,9.71334e-27,9.82147e-27,9.91575e-27,1.00248e-26,1.01196e-26,1.02293e-26,1.03259e-26,1.04375e-26,1.05371e-26,1.06503e-26,1.0751e-26,1.08654e-26,1.09686e-26,1.10854e-26,1.11905e-26,1.13077e-26,1.14145e-26,1.15333e-26,1.16429e-26,1.17629e-26,1.18732e-26,1.19939e-26,1.21062e-26,1.22287e-26,1.23423e-26,1.24646e-26,1.25793e-26,1.27024e-26,1.28194e-26,1.29448e-26,1.30638e-26,1.31899e-26,1.33113e-26,1.34402e-26,1.35666e-26,1.37e-26,1.38323e-26,1.39733e-26,1.41166e-26,1.42705e-26,1.44281e-26,1.459e-26,1.47399e-26,1.48557e-26,1.4882e-26,1.47374e-26,1.43236e-26,1.36416e-26
0,8.64948e-29,1.72595e-28,2.59485e-28,3.4519e-28,4.32475e-28,5.17787e-28,6.05466e-28,6.90387e-28,7.78456e-28,8.62984e-28,9.51421e-28,1.03572e-27,1.12473e-27,1.20846e-27,1.29767e-27,1.38121e-27,1.47099e-27,1.55398e-27,1.64394e-27,1.72676e-27,1.81727e-27,1.8995e-27,1.99051e-27,2.07288e-27,2.16441e-27,2.24631e-27,2.3377e-27,2.41915e-27,2.51113e-27,2.59204e-27,2.68451e-27,2.76562e-27,2.85859e-27,2.93927e-27,3.03209e-27,3.11237e-27,3.20576e-27,3.28556e-27,3.37941e-27,3.45945e-27,3.55368e-27,3.63396e-27,3.72862e-27,3.80837e-27,3.90419e-27,3.98417e-27,4.08044e-27,4.1601e-27,4.25613e-27,4.33624e-27,4.43277e-27,4.51266e-27,4.60912e-27,4.68811e-27,4.78522e-27,4.86405e-27,4.96093e-27,5.04031e-27,5.13765e-27,5.21672e-27,5.31523e-27,5.39475e-27,5.49372e-27,5.57316e-27,5.6719e-27,5.75203e-27,5.8513e-27,5.93146e-27,6.03068e-27,6.11021e-27,6.21013e-27,6.28977e-27,6.3895e-27,6.46997e-27,6.57023e-27,6.65069e-27,6.75217e-27,6.83339e-27,6.93541e-27,7.01686e-27,7.1187e-27,7.20102e-27,7.30491e-27,7.3876e-27,7.49011e-27,7.57262e-27,7.67573e-27,7.75982e-27,7.86555e-27,7.95066e-27,8.05557e-27,8.14118e-27,8.24736e-27,8.3356e-27,8.44251e-27,8.52999e-27,8.63709e-27,8.72596e-27,8.83535e-27,8.92509e-27,9.03337e-27,9.12347e-27,9.23276e-27,9.32537e-27,9.43512e-27,9.52685e-27,9.63651e-27,9.72942e-27,9.84074e-27,9.93689e-27,1.00493e-26,1.01453e-26,1.02583e-26,1.03564e-26,1.04721e-26,1.05716e-26,1.06867e-26,1.07872e-26,1.09035e-26,1.10068e-26,1.11266e-26,1.12321e-26,1.13518e-26,1.14591e-26,1.15809e-26,1.16919e-26,1.18153e-26,1.19268e-26,1.2051e-26,1.2165e-26,1.22923e-26,1.24082e-26,1.25349e-26,1.26521e-26,1.27803e-26,1.29007e-26,1.30296e-26,1.31496e-26,1.32785e-26,1.34e-26,1.35306e-26,1.36556e-26,1.37873e-26,1.39128e-26,1.40457e-26,1.41749e-26,1.43129e-26,1.44479e-26,1.45918e-26,1.47382e-26,1.48989e-26,1.5071e-26,1.52673e-26,1.54864e-26,1.57445e-26,1.60633e-26,1.6551e-26,1.76757e-26,2.14814e-26,3.63851e-26
0,9.0846e-29,1.82107e-28,2.72538e-28,3.64214e-28,4.54232e-28,5.46322e-28,6.35927e-28,7.28429e-28,8.17624e-28,9.10537e-28,9.99332e-28,1.09278e-27,1.18129e-27,1.27503e-27,1.36302e-27,1.45728e-27,1.545e-27,1.63954e-27,1.72676e-27,1.8218e-27,1.90877e-27,2.0041e-27,2.09083e-27,2.18692e-27,2.27343e-27,2.36978e-27,2.45556e-27,2.55215e-27,2.63771e-27,2.73457e-27,2.81995e-27,2.91756e-27,3.00276e-27,3.10062e-27,3.18514e-27,3.28322e-27,3.36758e-27,3.46591e-27,3.55014e-27,3.64919e-27,3.73332e-27,3.8331e-27,3.91714e-27,4.01716e-27,4.10162e-27,4.20239e-27,4.2868e-27,4.38778e-27,4.47169e-27,4.57337e-27,4.65729e-27,4.7592e-27,4.84264e-27,4.94428e-27,5.02774e-27,5.1296e-27,5.21267e-27,5.31524e-27,5.39844e-27,5.50128e-27,5.58513e-27,5.68871e-27,5.77276e-27,5.87658e-27,5.96036e-27,6.06491e-27,6.14897e-27,6.25377e-27,6.33761e-27,6.44218e-27,6.52633e-27,6.63116e-27,6.71522e-27,6.82081e-27,6.9053e-27,7.01122e-27,7.09668e-27,7.20342e-27,7.2894e-27,7.39646e-27,7.48253e-27,7.59045e-27,7.67811e-27,7.78636e-27,7.8732e-27,7.98129e-27,8.06885e-27,8.17839e-27,8.26824e-27,8.37872e-27,8.46845e-27,8.57938e-27,8.67055e-27,8.78345e-27,8.8756e-27,8.98806e-27,9.08074e-27,9.19429e-27,9.28907e-27,9.40324e-27,9.49775e-27,9.61207e-27,9.70787e-27,9.82388e-27,9.92054e-27,1.00358e-26,1.01329e-26,1.0249e-26,1.03481e-26,1.04666e-26,1.05673e-26,1.06858e-26,1.07878e-26,1.09077e-26,1.10125e-26,1.11335e-26,1.12386e-26,1.13603e-26,1.14674e-26,1.15913e-26,1.17019e-26,1.18276e-26,1.19395e-26,1.20664e-26,1.2181e-26,1.23108e-26,1.24277e-26,1.25579e-26,1.26765e-26,1.28086e-26,1.29305e-26,1.30639e-26,1.31866e-26,1.33207e-26,1.34455e-26,1.35816e-26,1.37078e-26,1.38433e-26,1.39702e-26,1.41064e-26,1.42354e-26,1.43736e-26,1.45042e-26,1.46421e-26,1.47743e-26,1.49144e-26,1.50516e-26,1.51965e-26,1.53413e-26,1.54987e-26,1.56653e-26,1.58569e-26,1.6078e-26,1.63494e-26,1.6686e-26,1.71076e-26,1.75837e-26,1.79346e-26,1.75409e-26,1.51573e-26
