0,0,0,0,0,0,0,0,0,0,0,0,0,0,0,0,0,0,0,0,0,0,0,0,0,0,0,0,0,0,0,0,0,0,0,0,0,0,0,0,0,0,0,0,0,0,0,0,0,0,0,0,0,0,0,0,0,0,0,0,0,0,0,0,0,0,0,0,0,0,0,0,0,0,0,0,0,0,0,0,0,0,0,0,0,0,0,0,0,0,0,0,0,0,0,0,0,0,0,0,0,0,0,0,0,0,0,0,0,0,0,0,0,0,0,0,0,0,0,0,0,0,0,0,0,0,0,0,0,0,0,0,0,0,0,0,0,0,0,0,0,0,0,0,0,0,0,0,0,0,0,0,0,0,0,0,0,0,0,0,0
0,5.0273e-30,9.99718e-30,1.50812e-29,1.9993e-29,2.5133e-29,2.99861e-29,3.51814e-29,3.99752e-29,4.5225e-29,4.99591e-29,5.52625e-29,5.99417e-29,6.53034e-29,6.99165e-29,7.53249e-29,7.98822e-29,8.53471e-29,8.98377e-29,9.53475e-29,9.97819e-29,1.05347e-28,1.09714e-28,1.15332e-28,1.19654e-28,1.25325e-28,1.2958e-28,1.35281e-28,1.39469e-28,1.45221e-28,1.49342e-28,1.55144e-28,1.5922e-28,1.6507e-28,1.69081e-28,1.74956e-28,1.78903e-28,1.84824e-28,1.88707e-28,1.94674e-28,1.98515e-28,2.04526e-28,2.08329e-28,2.14382e-28,2.18125e-28,2.24242e-28,2.27948e-28,2.34104e-28,2.37754e-28,2.43927e-28,2.47542e-28,2.53751e-28,2.57313e-28,2.63534e-28,2.67024e-28,2.73278e-28,2.76719e-28,2.82982e-28,2.864e-28,2.92693e-28,2.96069e-28,3.02412e-28,3.05769e-28,3.12139e-28,3.15461e-28,3.21834e-28,3.25144e-28,3.3154e-28,3.34821e-28,3.41216e-28,3.4445e-28,3.50864e-28,3.54076e-28,3.60487e-28,3.63704e-28,3.70131e-28,3.73336e-28,3.79801e-28,3.83019e-28,3.89499e-28,3.92714e-28,3.99185e-28,4.02423e-28,4.08949e-28,4.12193e-28,4.18666e-28,4.219e-28,4.28384e-28,4.31678e-28,4.38237e-28,4.41575e-28,4.48101e-28,4.51467e-28,4.58024e-28,4.61487e-28,4.68053e-28,4.71512e-28,4.78065e-28,4.81588e-28,4.88193e-28,4.91765e-28,4.98314e-28,5.01918e-28,5.08476e-28,5.12183e-28,5.18729e-28,5.22437e-28,5.28952e-28,5.32731e-28,5.39281e-28,5.43202e-28,5.49768e-28,5.5373e-28,5.60291e-28,5.64364e-28,5.70987e-28,5.75155e-28,5.81735e-28,5.85981e-28,5.92585e-28,5.96981e-28,6.03675e-28,6.08203e-28,6.14883e-28,6.19528e-28,6.26259e-28,6.3109e-28,6.37854e-28,6.42767e-28,6.49545e-28,6.54611e-28,6.6147e-28,6.66673e-28,6.73512e-28,6.78837e-28,6.85726e-28,6.91247e-28,6.98174e-28,7.03796e-28,7.10749e-28,7.1655e-28,7.23606e-28,7.29661e-28,7.36807e-28,7.43009e-28,7.50211e-28,7.56593e-28,7.63846e-28,7.70261e-28,7.77242e-28,7.83318e-28,7.89543e-28,7.94521e-28,7.98871e-28,8.01125e-28,8.0147e-28,7.98678e-28,7.92862e-28,7.83569e-28,7.7156e-28,7.57864e-28
0,9.99718e-30,2.01085e-29,2.99902e-29,4.02142e-29,4.99791e-29,6.03144e-29,6.99613e-29,8.04064e-29,8.99342e-29,1.00487e-28,1.09895e-28,1.20566e-28,1.29863e-28,1.40628e-28,1.49793e-28,1.60672e-28,1.69725e-28,1.80694e-28,1.89614e-28,2.00694e-28,2.09501e-28,2.20668e-28,2.29362e-28,2.40657e-28,2.49239e-28,2.60617e-28,2.69043e-28,2.80502e-28,2.88816e-28,3.00353e-28,3.08556e-28,3.20213e-28,3.28305e-28,3.40036e-28,3.47976e-28,3.59779e-28,3.67612e-28,3.79485e-28,3.87214e-28,3.99197e-28,4.06824e-28,4.18916e-28,4.26445e-28,4.38599e-28,4.46075e-28,4.58332e-28,4.65714e-28,4.78027e-28,4.85276e-28,4.97684e-28,5.04846e-28,5.17302e-28,5.24338e-28,5.36796e-28,5.43754e-28,5.56254e-28,5.63096e-28,5.75679e-28,5.82455e-28,5.95075e-28,6.01835e-28,6.14531e-28,6.21237e-28,6.33964e-28,6.40579e-28,6.53375e-28,6.5995e-28,6.72767e-28,6.79265e-28,6.92057e-28,6.98529e-28,7.11338e-28,7.1775e-28,7.30615e-28,7.37018e-28,7.49895e-28,7.56343e-28,7.69271e-28,7.7573e-28,7.88665e-28,7.95101e-28,8.08082e-28,8.14632e-28,8.27615e-28,8.34076e-28,8.47016e-28,8.53526e-28,8.66552e-28,8.73252e-28,8.8632e-28,8.93007e-28,9.06073e-28,9.12885e-28,9.26077e-28,9.32982e-28,9.46085e-28,9.53049e-28,9.6619e-28,9.73354e-28,9.86491e-28,9.9365e-28,1.00674e-27,1.01403e-27,1.02721e-27,1.0346e-27,1.04765e-27,1.05512e-27,1.06816e-27,1.07585e-27,1.08903e-27,1.0969e-27,1.11001e-27,1.11802e-27,1.13119e-27,1.1395e-27,1.15268e-27,1.16108e-27,1.17425e-27,1.18287e-27,1.19615e-27,1.20514e-27,1.2185e-27,1.22766e-27,1.24105e-27,1.25051e-27,1.26407e-27,1.2738e-27,1.28732e-27,1.29729e-27,1.3109e-27,1.32124e-27,1.33492e-27,1.34543e-27,1.35914e-27,1.36996e-27,1.38384e-27,1.39497e-27,1.40882e-27,1.42022e-27,1.43421e-27,1.44605e-27,1.46032e-27,1.47257e-27,1.48691e-27,1.49951e-27,1.51401e-27,1.52698e-27,1.54137e-27,1.55411e-27,1.5677e-27,1.57932e-27,1.59068e-27,1.59901e-27,1.60488e-27,1.60552e-27,1.6009e-27,1.58891e-27,1.57009e-27,1.5447e-27,1.51573e-27
0,1.50812e-29,2.99902e-29,4.52415e-29,5.99763e-29,7.53956e-29,8.99543e-29,1.05539e-28,1.1992e-28,1.35669e-28,1.4987e-28,1.6578e-28,1.79817e-28,1.95901e-28,2.0974e-28,2.25964e-28,2.39636e-28,2.56029e-28,2.69501e-28,2.86029e-28,2.99332e-28,3.16025e-28,3.29127e-28,3.45981e-28,3.58946e-28,3.75959e-28,3.88723e-28,4.05826e-28,4.18389e-28,4.35643e-28,4.48007e-28,4.65409e-28,4.77639e-28,4.95187e-28,5.07219e-28,5.24844e-28,5.36683e-28,5.54446e-28,5.66093e-28,5.83992e-28,5.95517e-28,6.13548e-28,6.24955e-28,6.43115e-28,6.54344e-28,6.72693e-28,6.83812e-28,7.02279e-28,7.13228e-28,7.31745e-28,7.42593e-28,7.61217e-28,7.71905e-28,7.90566e-28,8.01036e-28,8.19794e-28,8.30118e-28,8.48906e-28,8.59158e-28,8.78036e-28,8.88162e-28,9.0719e-28,9.17263e-28,9.36371e-28,9.46337e-28,9.65454e-28,9.75386e-28,9.94571e-28,1.00441e-27,1.0236e-27,1.0333e-27,1.05254e-27,1.06218e-27,1.08141e-27,1.09106e-27,1.11034e-27,1.11995e-27,1.13934e-27,1.149e-27,1.16843e-27,1.17808e-27,1.19749e-27,1.2072e-27,1.22678e-27,1.23651e-27,1.25593e-27,1.26563e-27,1.28508e-27,1.29496e-27,1.31463e-27,1.32465e-27,1.34422e-27,1.35432e-27,1.37399e-27,1.38438e-27,1.40408e-27,1.41445e-27,1.43411e-27,1.44468e-27,1.46449e-27,1.47521e-27,1.49485e-27,1.50566e-27,1.52534e-27,1.53645e-27,1.55609e-27,1.56721e-27,1.58675e-27,1.59809e-27,1.61774e-27,1.6295e-27,1.64919e-27,1.66108e-27,1.68076e-27,1.69298e-27,1.71285e-27,1.72535e-27,1.74508e-27,1.75782e-27,1.77763e-27,1.79082e-27,1.8109e-27,1.82448e-27,1.84452e-27,1.85845e-27,1.87865e-27,1.89314e-27,1.91343e-27,1.92817e-27,1.9485e-27,1.96369e-27,1.98427e-27,1.99987e-27,2.02038e-27,2.03635e-27,2.05701e-27,2.07357e-27,2.09434e-27,2.1112e-27,2.13205e-27,2.14944e-27,2.1706e-27,2.18876e-27,2.21021e-27,2.22885e-27,2.25051e-27,2.26977e-27,2.29173e-27,2.3113e-27,2.33275e-27,2.35176e-27,2.37158e-27,2.38812e-27,2.40325e-27,2.41249e-27,2.41607e-27,2.40965e-27,2.39263e-27,2.36268e-27,2.32169e-27,2.27359e-27
0,1.9993e-29,4.02142e-29,5.99763e-29,8.04228e-29,9.99514e-29,1.2062e-28,1.39913e-28,1.60801e-28,1.79856e-28,2.00961e-28,2.19775e-28,2.41115e-28,2.59709e-28,2.81237e-28,2.99566e-28,3.21321e-28,3.39427e-28,3.61363e-28,3.79201e-28,4.01359e-28,4.18972e-28,4.41304e-28,4.58693e-28,4.81281e-28,4.98445e-28,5.21198e-28,5.3805e-28,5.60965e-28,5.77593e-28,6.00665e-28,6.1707e-28,6.40381e-28,6.56565e-28,6.80024e-28,6.95905e-28,7.19506e-28,7.35173e-28,7.58914e-28,7.74371e-28,7.98334e-28,8.13589e-28,8.37769e-28,8.52827e-28,8.77133e-28,8.92085e-28,9.16597e-28,9.31362e-28,9.55986e-28,9.70485e-28,9.95299e-28,1.00962e-27,1.03453e-27,1.0486e-27,1.07352e-27,1.08743e-27,1.11243e-27,1.12611e-27,1.15127e-27,1.16483e-27,1.19006e-27,1.20358e-27,1.22897e-27,1.24238e-27,1.26783e-27,1.28107e-27,1.30665e-27,1.3198e-27,1.34544e-27,1.35843e-27,1.38401e-27,1.39696e-27,1.42257e-27,1.43539e-27,1.46112e-27,1.47392e-27,1.49967e-27,1.51257e-27,1.53842e-27,1.55134e-27,1.5772e-27,1.59007e-27,1.61603e-27,1.62913e-27,1.65509e-27,1.66801e-27,1.69389e-27,1.70691e-27,1.73295e-27,1.74635e-27,1.77249e-27,1.78586e-27,1.81199e-27,1.82561e-27,1.85199e-27,1.8658e-27,1.892e-27,1.90593e-27,1.93221e-27,1.94654e-27,1.97281e-27,1.98712e-27,2.0133e-27,2.02788e-27,2.05422e-27,2.06901e-27,2.0951e-27,2.11003e-27,2.13612e-27,2.15148e-27,2.17784e-27,2.19357e-27,2.21979e-27,2.23582e-27,2.26215e-27,2.27876e-27,2.30513e-27,2.32192e-27,2.34825e-27,2.36549e-27,2.39205e-27,2.41003e-27,2.43674e-27,2.45506e-27,2.48184e-27,2.50076e-27,2.52788e-27,2.54733e-27,2.57438e-27,2.5943e-27,2.62153e-27,2.6422e-27,2.66955e-27,2.69056e-27,2.71796e-27,2.7396e-27,2.76734e-27,2.78957e-27,2.81726e-27,2.84004e-27,2.868e-27,2.89165e-27,2.92019e-27,2.9447e-27,2.97344e-27,2.99874e-27,3.02793e-27,3.05422e-27,3.08357e-27,3.11e-27,3.13865e-27,3.1641e-27,3.18998e-27,3.2109e-27,3.22792e-27,3.23493e-27,3.23056e-27,3.20842e-27,3.16702e-27,3.10548e-27,3.03146e-27
0,2.5133e-29,4.99791e-29,7.53956e-29,9.99514e-29,1.25648e-28,1.4991e-28,1.75882e-28,1.99849e-28,2.26093e-28,2.49761e-28,2.76274e-28,2.99667e-28,3.26472e-28,3.49535e-28,3.76572e-28,3.99356e-28,4.26676e-28,4.49126e-28,4.7667e-28,4.9884e-28,5.26658e-28,5.48494e-28,5.76581e-28,5.98189e-28,6.26541e-28,6.47813e-28,6.76314e-28,6.97251e-28,7.26005e-28,7.46609e-28,7.7561e-28,7.95992e-28,8.25235e-28,8.45288e-28,8.74659e-28,8.94387e-28,9.23987e-28,9.43398e-28,9.73224e-28,9.9243e-28,1.02248e-27,1.04149e-27,1.07175e-27,1.09047e-27,1.12104e-27,1.13958e-27,1.17035e-27,1.1886e-27,1.21946e-27,1.23754e-27,1.26858e-27,1.28639e-27,1.31749e-27,1.33494e-27,1.36619e-27,1.3834e-27,1.41471e-27,1.43179e-27,1.46325e-27,1.48012e-27,1.51183e-27,1.52862e-27,1.56046e-27,1.57708e-27,1.60893e-27,1.62549e-27,1.65746e-27,1.67386e-27,1.70583e-27,1.722e-27,1.75406e-27,1.77012e-27,1.80216e-27,1.81824e-27,1.85037e-27,1.86639e-27,1.8987e-27,1.91479e-27,1.94718e-27,1.96326e-27,1.9956e-27,2.01179e-27,2.04441e-27,2.06063e-27,2.09298e-27,2.10915e-27,2.14155e-27,2.15802e-27,2.1908e-27,2.20749e-27,2.24011e-27,2.25694e-27,2.28971e-27,2.30703e-27,2.33985e-27,2.35714e-27,2.3899e-27,2.40752e-27,2.44053e-27,2.45839e-27,2.49112e-27,2.50914e-27,2.54192e-27,2.56044e-27,2.59316e-27,2.61169e-27,2.64425e-27,2.66314e-27,2.69587e-27,2.71547e-27,2.74829e-27,2.76809e-27,2.80089e-27,2.82125e-27,2.85435e-27,2.87518e-27,2.90807e-27,2.9293e-27,2.9623e-27,2.98427e-27,3.01774e-27,3.04038e-27,3.07377e-27,3.09699e-27,3.13064e-27,3.15479e-27,3.1886e-27,3.21316e-27,3.24704e-27,3.27236e-27,3.30664e-27,3.33264e-27,3.3668e-27,3.3934e-27,3.42781e-27,3.45538e-27,3.48996e-27,3.51802e-27,3.55273e-27,3.58168e-27,3.61692e-27,3.64717e-27,3.68292e-27,3.71403e-27,3.75026e-27,3.78262e-27,3.81968e-27,3.85313e-27,3.89026e-27,3.92416e-27,3.96063e-27,3.9933e-27,4.02574e-27,4.0506e-27,4.06765e-27,4.06756e-27,4.04512e-27,3.99053e-27,3.90227e-27,3.78932e-27
0,2.99861e-29,6.03144e-29,8.99543e-29,1.2062e-28,1.4991e-28,1.8091e-28,2.09845e-28,2.41174e-28,2.69753e-28,3.01406e-28,3.29625e-28,3.6163e-28,3.89519e-28,4.21806e-28,4.49297e-28,4.81926e-28,5.09082e-28,5.41981e-28,5.68736e-28,6.01967e-28,6.28385e-28,6.61878e-28,6.8796e-28,7.21838e-28,7.47583e-28,7.81709e-28,8.06985e-28,8.41351e-28,8.6629e-28,9.00891e-28,9.25499e-28,9.60459e-28,9.84736e-28,1.01992e-27,1.04374e-27,1.07913e-27,1.10263e-27,1.13823e-27,1.16142e-27,1.19735e-27,1.22023e-27,1.2565e-27,1.27908e-27,1.31554e-27,1.33797e-27,1.37473e-27,1.39688e-27,1.43381e-27,1.45556e-27,1.49278e-27,1.51426e-27,1.55162e-27,1.57273e-27,1.61009e-27,1.63096e-27,1.66844e-27,1.68896e-27,1.7267e-27,1.74702e-27,1.78487e-27,1.80515e-27,1.84323e-27,1.86335e-27,1.90152e-27,1.92137e-27,1.95974e-27,1.97947e-27,2.01791e-27,2.0374e-27,2.07576e-27,2.09518e-27,2.13358e-27,2.15281e-27,2.19139e-27,2.2106e-27,2.24921e-27,2.26855e-27,2.30732e-27,2.3267e-27,2.36549e-27,2.3848e-27,2.42373e-27,2.44338e-27,2.48231e-27,2.50168e-27,2.54048e-27,2.56e-27,2.59906e-27,2.61915e-27,2.65834e-27,2.6784e-27,2.71758e-27,2.73802e-27,2.77758e-27,2.79829e-27,2.83758e-27,2.85848e-27,2.89788e-27,2.91937e-27,2.95877e-27,2.98024e-27,3.01949e-27,3.04136e-27,3.08086e-27,3.10304e-27,3.14215e-27,3.16454e-27,3.20366e-27,3.22669e-27,3.26622e-27,3.28981e-27,3.32912e-27,3.35316e-27,3.39265e-27,3.41757e-27,3.45711e-27,3.48228e-27,3.52176e-27,3.54762e-27,3.58744e-27,3.61441e-27,3.65447e-27,3.68194e-27,3.72211e-27,3.75048e-27,3.79116e-27,3.82033e-27,3.86089e-27,3.89076e-27,3.9316e-27,3.96259e-27,4.0036e-27,4.03509e-27,4.07616e-27,4.10859e-27,4.15016e-27,4.18346e-27,4.22494e-27,4.25905e-27,4.30092e-27,4.33634e-27,4.3791e-27,4.41583e-27,4.45896e-27,4.49703e-27,4.54108e-27,4.58105e-27,4.62604e-27,4.66736e-27,4.71316e-27,4.75591e-27,4.80189e-27,4.84402e-27,4.88471e-27,4.91471e-27,4.92952e-27,4.91254e-27,4.84889e-27,4.72321e-27,4.54719e-27
0,3.51814e-29,6.99613e-29,1.05539e-28,1.39913e-28,1.75882e-28,2.09845e-28,2.46201e-28,2.79749e-28,3.16486e-28,3.49616e-28,3.86729e-28,4.19477e-28,4.56997e-28,4.89282e-28,5.27127e-28,5.59022e-28,5.97263e-28,6.2869e-28,6.67243e-28,6.98278e-28,7.37215e-28,7.67783e-28,8.07099e-28,8.37351e-28,8.77038e-28,9.06818e-28,9.46711e-28,9.76019e-28,1.01626e-27,1.04511e-27,1.0857e-27,1.11424e-27,1.15517e-27,1.18324e-27,1.22435e-27,1.25197e-27,1.2934e-27,1.32057e-27,1.36231e-27,1.3892e-27,1.43125e-27,1.45787e-27,1.50023e-27,1.52643e-27,1.56923e-27,1.59518e-27,1.63826e-27,1.66381e-27,1.70701e-27,1.73232e-27,1.77577e-27,1.80071e-27,1.84423e-27,1.86866e-27,1.9124e-27,1.93648e-27,1.9803e-27,2.00421e-27,2.04824e-27,2.07187e-27,2.11625e-27,2.13976e-27,2.18433e-27,2.20759e-27,2.25218e-27,2.27536e-27,2.32011e-27,2.34308e-27,2.38781e-27,2.41045e-27,2.45531e-27,2.47779e-27,2.52263e-27,2.54514e-27,2.5901e-27,2.61253e-27,2.65776e-27,2.68029e-27,2.72562e-27,2.74812e-27,2.7934e-27,2.81606e-27,2.86172e-27,2.88443e-27,2.9297e-27,2.95232e-27,2.99766e-27,3.02071e-27,3.06659e-27,3.08995e-27,3.1356e-27,3.15916e-27,3.20503e-27,3.22928e-27,3.27522e-27,3.29942e-27,3.34526e-27,3.36993e-27,3.41613e-27,3.44113e-27,3.48694e-27,3.51216e-27,3.55803e-27,3.58397e-27,3.62976e-27,3.65568e-27,3.70124e-27,3.72766e-27,3.77348e-27,3.80091e-27,3.84684e-27,3.87456e-27,3.92045e-27,3.94895e-27,3.99528e-27,4.02444e-27,4.07046e-27,4.10016e-27,4.14634e-27,4.1771e-27,4.22394e-27,4.25563e-27,4.30236e-27,4.33487e-27,4.38197e-27,4.41579e-27,4.46311e-27,4.49749e-27,4.5449e-27,4.58034e-27,4.62831e-27,4.66469e-27,4.71249e-27,4.74969e-27,4.79781e-27,4.83636e-27,4.8847e-27,4.92391e-27,4.9724e-27,5.01283e-27,5.06206e-27,5.10433e-27,5.1543e-27,5.19782e-27,5.24859e-27,5.29409e-27,5.34643e-27,5.39417e-27,5.44785e-27,5.49834e-27,5.55462e-27,5.6091e-27,5.66866e-27,5.72534e-27,5.78069e-27,5.82073e-27,5.82913e-27,5.76784e-27,5.59527e-27,5.30505e-27
0,3.99752e-29,8.04064e-29,1.1992e-28,1.60801e-28,1.99849e-28,2.41174e-28,2.79749e-28,3.21512e-28,3.59612e-28,4.01807e-28,4.39428e-28,4.82095e-28,5.19277e-28,5.62318e-28,5.98968e-28,6.42464e-28,6.78669e-28,7.22524e-28,7.58191e-28,8.02488e-28,8.37708e-28,8.82354e-28,9.1713e-28,9.62296e-28,9.96625e-28,1.04212e-27,1.07581e-27,1.12162e-27,1.15487e-27,1.20099e-27,1.2338e-27,1.28041e-27,1.31278e-27,1.35968e-27,1.39143e-27,1.43861e-27,1.46993e-27,1.51738e-27,1.54829e-27,1.59619e-27,1.62669e-27,1.67503e-27,1.70515e-27,1.75374e-27,1.78365e-27,1.83266e-27,1.8622e-27,1.91143e-27,1.94043e-27,1.99005e-27,2.0187e-27,2.0685e-27,2.09664e-27,2.14644e-27,2.17426e-27,2.22422e-27,2.25157e-27,2.30186e-27,2.32896e-27,2.3794e-27,2.40645e-27,2.45721e-27,2.48405e-27,2.53492e-27,2.56139e-27,2.61255e-27,2.63886e-27,2.6901e-27,2.71609e-27,2.76721e-27,2.79309e-27,2.84427e-27,2.86991e-27,2.92132e-27,2.94692e-27,2.99839e-27,3.02418e-27,3.07586e-27,3.1017e-27,3.1534e-27,3.17914e-27,3.23103e-27,3.25724e-27,3.30913e-27,3.33494e-27,3.38663e-27,3.41264e-27,3.4647e-27,3.4915e-27,3.54374e-27,3.57047e-27,3.62269e-27,3.64994e-27,3.70268e-27,3.7303e-27,3.78266e-27,3.81051e-27,3.86304e-27,3.8917e-27,3.94421e-27,3.97283e-27,4.02513e-27,4.05429e-27,4.10695e-27,4.13651e-27,4.18861e-27,4.21843e-27,4.27055e-27,4.30126e-27,4.35396e-27,4.3854e-27,4.43779e-27,4.46983e-27,4.52246e-27,4.55568e-27,4.60838e-27,4.64193e-27,4.69452e-27,4.72898e-27,4.78206e-27,4.81803e-27,4.87143e-27,4.90804e-27,4.96158e-27,4.99941e-27,5.05365e-27,5.09255e-27,5.14661e-27,5.18642e-27,5.24085e-27,5.28216e-27,5.33681e-27,5.37875e-27,5.43346e-27,5.47665e-27,5.53201e-27,5.57631e-27,5.6315e-27,5.67684e-27,5.73252e-27,5.77961e-27,5.83647e-27,5.88531e-27,5.94268e-27,5.99335e-27,6.05211e-27,6.10562e-27,6.16622e-27,6.22259e-27,6.2862e-27,6.34805e-27,6.41828e-27,6.49041e-27,6.57235e-27,6.65807e-27,6.74722e-27,6.8134e-27,6.79969e-27,6.58424e-27,6.06291e-27
0,4.5225e-29,8.99342e-29,1.35669e-28,1.79856e-28,2.26093e-28,2.69753e-28,3.16486e-28,3.59612e-28,4.06833e-28,4.49422e-28,4.97127e-28,5.39229e-28,5.87462e-28,6.28964e-28,6.77609e-28,7.18614e-28,7.67771e-28,8.08169e-28,8.57721e-28,8.97618e-28,9.47666e-28,9.86957e-28,1.0375e-27,1.0764e-27,1.12742e-27,1.16571e-27,1.21698e-27,1.25466e-27,1.30638e-27,1.34345e-27,1.39563e-27,1.43233e-27,1.48496e-27,1.52105e-27,1.57388e-27,1.60938e-27,1.66262e-27,1.69754e-27,1.75119e-27,1.78576e-27,1.83981e-27,1.87403e-27,1.92847e-27,1.96215e-27,2.01718e-27,2.05056e-27,2.10594e-27,2.13879e-27,2.19431e-27,2.22687e-27,2.28272e-27,2.3148e-27,2.37073e-27,2.40212e-27,2.45835e-27,2.4893e-27,2.54559e-27,2.57634e-27,2.63292e-27,2.66329e-27,2.72034e-27,2.75058e-27,2.80788e-27,2.83778e-27,2.89509e-27,2.9249e-27,2.98243e-27,3.01197e-27,3.06946e-27,3.09855e-27,3.15621e-27,3.1851e-27,3.24272e-27,3.27165e-27,3.32943e-27,3.35825e-27,3.41639e-27,3.44536e-27,3.50363e-27,3.53256e-27,3.59073e-27,3.61988e-27,3.67861e-27,3.7078e-27,3.76594e-27,3.79498e-27,3.85322e-27,3.88285e-27,3.94185e-27,3.9719e-27,4.03054e-27,4.06081e-27,4.11977e-27,4.15098e-27,4.21002e-27,4.24112e-27,4.30002e-27,4.33173e-27,4.39115e-27,4.42329e-27,4.48214e-27,4.51454e-27,4.5735e-27,4.60687e-27,4.66571e-27,4.699e-27,4.7575e-27,4.79143e-27,4.8503e-27,4.8856e-27,4.94463e-27,4.98024e-27,5.0392e-27,5.07584e-27,5.13542e-27,5.1729e-27,5.23201e-27,5.27014e-27,5.32947e-27,5.36901e-27,5.42925e-27,5.47e-27,5.53005e-27,5.57182e-27,5.63237e-27,5.67588e-27,5.73672e-27,5.7809e-27,5.84181e-27,5.88736e-27,5.94905e-27,5.99579e-27,6.05717e-27,6.10493e-27,6.16673e-27,6.21624e-27,6.27828e-27,6.32852e-27,6.39066e-27,6.44244e-27,6.50553e-27,6.55969e-27,6.6237e-27,6.67938e-27,6.74437e-27,6.80264e-27,6.86981e-27,6.9312e-27,7.00058e-27,7.06668e-27,7.14197e-27,7.21855e-27,7.30895e-27,7.41002e-27,7.537e-27,7.69328e-27,7.88091e-27,8.03135e-27,7.88014e-27,6.82078e-27
0,4.99591e-29,1.00487e-28,1.4987e-28,2.00961e-28,2.49761e-28,3.01406e-28,3.49616e-28,4.01807e-28,4.49422e-28,5.02149e-28,5.49162e-28,6.02495e-28,6.48976e-28,7.02754e-28,7.4855e-28,8.02916e-28,8.48175e-28,9.02969e-28,9.47536e-28,1.0029e-27,1.04692e-27,1.10268e-27,1.14616e-27,1.20262e-27,1.24555e-27,1.30241e-27,1.3445e-27,1.40174e-27,1.44329e-27,1.50089e-27,1.54191e-27,1.60018e-27,1.64066e-27,1.69928e-27,1.73894e-27,1.79789e-27,1.83703e-27,1.89629e-27,1.93492e-27,1.99478e-27,2.0329e-27,2.09334e-27,2.13095e-27,2.19165e-27,2.22907e-27,2.29033e-27,2.32729e-27,2.38879e-27,2.42501e-27,2.48705e-27,2.52288e-27,2.58515e-27,2.6203e-27,2.68249e-27,2.71728e-27,2.77967e-27,2.81384e-27,2.8767e-27,2.91054e-27,2.97354e-27,3.00739e-27,3.07083e-27,3.10441e-27,3.16796e-27,3.20102e-27,3.26498e-27,3.29788e-27,3.36194e-27,3.3944e-27,3.45825e-27,3.49062e-27,3.55454e-27,3.58655e-27,3.6508e-27,3.68278e-27,3.74705e-27,3.77933e-27,3.84391e-27,3.87624e-27,3.9408e-27,3.97293e-27,4.03778e-27,4.07068e-27,4.13551e-27,4.16771e-27,4.23219e-27,4.26462e-27,4.32967e-27,4.3633e-27,4.42857e-27,4.46192e-27,4.5271e-27,4.56117e-27,4.62719e-27,4.66172e-27,4.72708e-27,4.76182e-27,4.82745e-27,4.8634e-27,4.92901e-27,4.96471e-27,5.03e-27,5.06645e-27,5.13236e-27,5.1693e-27,5.23432e-27,5.27149e-27,5.33653e-27,5.3749e-27,5.44087e-27,5.48017e-27,5.54556e-27,5.58554e-27,5.6513e-27,5.69296e-27,5.7588e-27,5.80065e-27,5.86626e-27,5.90926e-27,5.97559e-27,6.02068e-27,6.08741e-27,6.13311e-27,6.19995e-27,6.24725e-27,6.31516e-27,6.36379e-27,6.43127e-27,6.48096e-27,6.54897e-27,6.60072e-27,6.66898e-27,6.7213e-27,6.78955e-27,6.84345e-27,6.91267e-27,6.96792e-27,7.03666e-27,7.09305e-27,7.16234e-27,7.22094e-27,7.29184e-27,7.35255e-27,7.42379e-27,7.48661e-27,7.55951e-27,7.62589e-27,7.70086e-27,7.77036e-27,7.84886e-27,7.9255e-27,8.01409e-27,8.10938e-27,8.22827e-27,8.38159e-27,8.61269e-27,8.98301e-27,9.56674e-27,1.00833e-26,7.57864e-27
0,5.52625e-29,1.09895e-28,1.6578e-28,2.19775e-28,2.76274e-28,3.29625e-28,3.86729e-28,4.39428e-28,4.97127e-28,5.49162e-28,6.07422e-28,6.58911e-28,7.17886e-28,7.68563e-28,8.27963e-28,8.78111e-28,9.38213e-28,9.87543e-28,1.04805e-27,1.09684e-27,1.15801e-27,1.20593e-27,1.26771e-27,1.31531e-27,1.37771e-27,1.42453e-27,1.48706e-27,1.53312e-27,1.59634e-27,1.64155e-27,1.70533e-27,1.75023e-27,1.81459e-27,1.85873e-27,1.92317e-27,1.96658e-27,2.03165e-27,2.07422e-27,2.13979e-27,2.18206e-27,2.24803e-27,2.29001e-27,2.35641e-27,2.39748e-27,2.46486e-27,2.50561e-27,2.57343e-27,2.61348e-27,2.6812e-27,2.72115e-27,2.78934e-27,2.8287e-27,2.89694e-27,2.9352e-27,3.00404e-27,3.04176e-27,3.11044e-27,3.14816e-27,3.21717e-27,3.25419e-27,3.32405e-27,3.36097e-27,3.43112e-27,3.46756e-27,3.53747e-27,3.57407e-27,3.6443e-27,3.68057e-27,3.7507e-27,3.78615e-27,3.85674e-27,3.89194e-27,3.96222e-27,3.99773e-27,4.0682e-27,4.10333e-27,4.17451e-27,4.20988e-27,4.28121e-27,4.31645e-27,4.38736e-27,4.42295e-27,4.49516e-27,4.53079e-27,4.60165e-27,4.63694e-27,4.70791e-27,4.74409e-27,4.81664e-27,4.85331e-27,4.92478e-27,4.9616e-27,5.03357e-27,5.07218e-27,5.14426e-27,5.18209e-27,5.25385e-27,5.29255e-27,5.36561e-27,5.40484e-27,5.47655e-27,5.51596e-27,5.58794e-27,5.62918e-27,5.70101e-27,5.74151e-27,5.81277e-27,5.85405e-27,5.92592e-27,5.96953e-27,6.04159e-27,6.08492e-27,6.15678e-27,6.2015e-27,6.27476e-27,6.32052e-27,6.39255e-27,6.43895e-27,6.51126e-27,6.55954e-27,6.6336e-27,6.68337e-27,6.75656e-27,6.80745e-27,6.88139e-27,6.93503e-27,7.00932e-27,7.06313e-27,7.13737e-27,7.19298e-27,7.2688e-27,7.32585e-27,7.40062e-27,7.45875e-27,7.53412e-27,7.59499e-27,7.6706e-27,7.73165e-27,7.80716e-27,7.87e-27,7.94674e-27,8.01302e-27,8.09075e-27,8.15809e-27,8.23669e-27,8.30702e-27,8.38846e-27,8.46189e-27,8.54425e-27,8.62146e-27,8.70819e-27,8.79416e-27,8.89442e-27,9.00518e-27,9.15462e-27,9.38863e-27,9.87591e-27,1.11669e-26,1.53088e-26,3.03222e-26
0,5.99417e-29,1.20566e-28,1.79817e-28,2.41115e-28,2.99667e-28,3.6163e-28,4.19477e-28,4.82095e-28,5.39229e-28,6.02495e-28,6.58911e-28,7.22881e-28,7.78641e-28,8.43171e-28,8.98134e-28,9.63347e-28,1.01764e-27,1.08339e-27,1.13689e-27,1.2033e-27,1.25612e-27,1.32305e-27,1.37521e-27,1.44292e-27,1.4944e-27,1.5626e-27,1.61314e-27,1.68181e-27,1.73168e-27,1.80082e-27,1.85003e-27,1.9199e-27,1.96846e-27,2.03876e-27,2.08639e-27,2.15712e-27,2.20411e-27,2.27524e-27,2.32161e-27,2.39341e-27,2.43918e-27,2.51164e-27,2.55681e-27,2.62965e-27,2.67451e-27,2.74797e-27,2.79228e-27,2.86606e-27,2.90957e-27,2.98393e-27,3.02691e-27,3.10156e-27,3.14377e-27,3.21841e-27,3.26015e-27,3.33504e-27,3.37608e-27,3.45147e-27,3.49212e-27,3.56773e-27,3.6083e-27,3.68438e-27,3.72463e-27,3.80088e-27,3.84059e-27,3.91725e-27,3.95671e-27,4.0335e-27,4.07249e-27,4.14912e-27,4.18795e-27,4.26466e-27,4.30312e-27,4.38018e-27,4.41859e-27,4.49572e-27,4.53441e-27,4.61185e-27,4.6506e-27,4.72807e-27,4.76668e-27,4.84444e-27,4.88375e-27,4.9615e-27,5.00023e-27,5.07769e-27,5.11671e-27,5.19471e-27,5.2349e-27,5.31315e-27,5.35324e-27,5.43148e-27,5.47233e-27,5.55134e-27,5.59274e-27,5.67118e-27,5.71293e-27,5.79162e-27,5.83457e-27,5.91323e-27,5.95612e-27,6.03448e-27,6.07818e-27,6.15706e-27,6.20136e-27,6.27943e-27,6.32414e-27,6.40223e-27,6.44825e-27,6.5272e-27,6.57433e-27,6.65281e-27,6.70084e-27,6.77969e-27,6.8295e-27,6.90846e-27,6.95876e-27,7.03759e-27,7.08927e-27,7.16883e-27,7.22276e-27,7.30279e-27,7.3577e-27,7.43795e-27,7.49468e-27,7.57598e-27,7.6343e-27,7.71532e-27,7.77501e-27,7.85655e-27,7.91845e-27,8.00027e-27,8.06307e-27,8.14493e-27,8.2095e-27,8.29223e-27,8.35836e-27,8.44071e-27,8.50824e-27,8.59114e-27,8.66107e-27,8.74552e-27,8.81781e-27,8.9027e-27,8.97734e-27,9.06374e-27,9.14179e-27,9.22964e-27,9.30989e-27,9.39894e-27,9.48215e-27,9.5731e-27,9.65991e-27,9.75186e-27,9.83793e-27,9.91848e-27,9.9638e-27,9.91875e-27,9.66206e-27,9.09437e-27
0,6.53034e-29,1.29863e-28,1.95901e-28,2.59709e-28,3.26472e-28,3.89519e-28,4.56997e-28,5.19277e-28,5.87462e-28,6.48976e-28,7.17886e-28,7.78641e-28,8.48234e-28,9.08212e-28,9.78487e-28,1.03767e-27,1.10859e-27,1.16698e-27,1.23857e-27,1.29616e-27,1.3684e-27,1.42526e-27,1.49819e-27,1.5543e-27,1.62788e-27,1.68315e-27,1.75728e-27,1.81169e-27,1.88635e-27,1.94002e-27,2.01532e-27,2.06825e-27,2.14413e-27,2.19624e-27,2.27263e-27,2.3239e-27,2.40076e-27,2.45133e-27,2.52877e-27,2.57868e-27,2.65679e-27,2.70607e-27,2.78476e-27,2.83353e-27,2.91277e-27,2.961e-27,3.04076e-27,3.08832e-27,3.16855e-27,3.21541e-27,3.29604e-27,3.3422e-27,3.42305e-27,3.46853e-27,3.54955e-27,3.5944e-27,3.67579e-27,3.72009e-27,3.80186e-27,3.84586e-27,3.92802e-27,3.97173e-27,4.05424e-27,4.09754e-27,4.18035e-27,4.22325e-27,4.30628e-27,4.34879e-27,4.43187e-27,4.47403e-27,4.55711e-27,4.59898e-27,4.68226e-27,4.72393e-27,4.80743e-27,4.8492e-27,4.93292e-27,4.97479e-27,5.0587e-27,5.10061e-27,5.18472e-27,5.22684e-27,5.31102e-27,5.35322e-27,5.43735e-27,5.47956e-27,5.56383e-27,5.60666e-27,5.69124e-27,5.73465e-27,5.81945e-27,5.86334e-27,5.94841e-27,5.99291e-27,6.0781e-27,6.12318e-27,6.20833e-27,6.25412e-27,6.33928e-27,6.38569e-27,6.47077e-27,6.51772e-27,6.60278e-27,6.6504e-27,6.73532e-27,6.7836e-27,6.86826e-27,6.91746e-27,7.00243e-27,7.05283e-27,7.138e-27,7.18959e-27,7.27484e-27,7.32775e-27,7.41317e-27,7.46731e-27,7.55283e-27,7.60817e-27,7.69402e-27,7.75115e-27,7.83754e-27,7.89642e-27,7.98328e-27,8.04381e-27,8.13123e-27,8.19351e-27,8.28134e-27,8.34532e-27,8.43342e-27,8.49919e-27,8.58763e-27,8.65507e-27,8.74376e-27,8.81276e-27,8.90177e-27,8.97244e-27,9.06168e-27,9.13401e-27,9.22345e-27,9.29777e-27,9.38809e-27,9.4648e-27,9.55609e-27,9.63534e-27,9.72771e-27,9.80978e-27,9.9034e-27,9.98808e-27,1.00824e-26,1.01685e-26,1.02617e-26,1.03457e-26,1.04301e-26,1.04961e-26,1.05342e-26,1.04785e-26,1.01471e-26,8.87935e-27,4.32786e-27,-1.21335e-26
0,6.99165e-29,1.40628e-28,2.0974e-28,2.81237e-28,3.49535e-28,4.21806e-28,4.89282e-28,5.62318e-28,6.28964e-28,7.02754e-28,7.68563e-28,8.43171e-28,9.08212e-28,9.83475e-28,1.04759e-27,1.12365e-27,1.18699e-27,1.26367e-27,1.32608e-27,1.40353e-27,1.46516e-27,1.54322e-27,1.60406e-27,1.68302e-27,1.74307e-27,1.8226e-27,1.88157e-27,1.96166e-27,2.01984e-27,2.10048e-27,2.15789e-27,2.23937e-27,2.29601e-27,2.37799e-27,2.43357e-27,2.51605e-27,2.57088e-27,2.65385e-27,2.70795e-27,2.79169e-27,2.84509e-27,2.92958e-27,2.98229e-27,3.06723e-27,3.11956e-27,3.20522e-27,3.2569e-27,3.34295e-27,3.3937e-27,3.4804e-27,3.53055e-27,3.61759e-27,3.66685e-27,3.75389e-27,3.8026e-27,3.88993e-27,3.93784e-27,4.02574e-27,4.07319e-27,4.16135e-27,4.20869e-27,4.29739e-27,4.34435e-27,4.43325e-27,4.47958e-27,4.56896e-27,4.615e-27,4.70454e-27,4.75003e-27,4.83939e-27,4.8847e-27,4.97415e-27,5.01904e-27,5.10889e-27,5.15372e-27,5.24364e-27,5.28878e-27,5.37907e-27,5.42428e-27,5.51461e-27,5.55965e-27,5.6503e-27,5.69614e-27,5.78678e-27,5.83198e-27,5.92232e-27,5.96786e-27,6.05879e-27,6.10566e-27,6.19689e-27,6.24365e-27,6.33486e-27,6.38249e-27,6.47458e-27,6.52286e-27,6.61431e-27,6.66299e-27,6.75471e-27,6.80478e-27,6.89646e-27,6.94648e-27,7.03783e-27,7.08878e-27,7.18071e-27,7.23238e-27,7.32339e-27,7.37556e-27,7.4666e-27,7.52027e-27,7.61228e-27,7.66723e-27,7.75873e-27,7.81474e-27,7.90666e-27,7.96472e-27,8.05678e-27,8.11546e-27,8.2074e-27,8.2677e-27,8.36046e-27,8.42336e-27,8.51668e-27,8.58074e-27,8.67433e-27,8.74051e-27,8.8353e-27,8.90334e-27,8.99783e-27,9.06747e-27,9.16256e-27,9.23472e-27,9.33012e-27,9.40333e-27,9.49872e-27,9.57392e-27,9.67025e-27,9.74718e-27,9.84298e-27,9.92145e-27,1.00177e-26,1.00988e-26,1.01967e-26,1.02804e-26,1.03786e-26,1.04648e-26,1.05645e-26,1.06542e-26,1.0755e-26,1.0846e-26,1.09457e-26,1.10356e-26,1.1129e-26,1.12079e-26,1.12772e-26,1.13161e-26,1.13194e-26,1.1261e-26,1.11268e-26,1.09018e-26,1.06101e-26
0,7.53249e-29,1.49793e-28,2.25964e-28,2.99566e-28,3.76572e-28,4.49297e-28,5.27127e-28,5.98968e-28,6.77609e-28,7.4855e-28,8.27963e-28,8.98134e-28,9.78487e-28,1.04759e-27,1.12856e-27,1.19691e-27,1.2788e-27,1.34608e-27,1.42855e-27,1.49507e-27,1.57842e-27,1.6438e-27,1.72797e-27,1.79283e-27,1.87781e-27,1.94164e-27,2.02691e-27,2.08972e-27,2.17586e-27,2.23755e-27,2.32445e-27,2.38564e-27,2.47329e-27,2.53347e-27,2.62133e-27,2.68053e-27,2.7692e-27,2.82732e-27,2.91666e-27,2.97431e-27,3.06422e-27,3.12141e-27,3.21193e-27,3.26797e-27,3.3597e-27,3.41526e-27,3.50758e-27,3.56223e-27,3.65453e-27,3.70894e-27,3.80183e-27,3.85544e-27,3.94845e-27,4.0007e-27,4.09443e-27,4.14595e-27,4.23957e-27,4.29099e-27,4.38506e-27,4.4356e-27,4.53068e-27,4.58103e-27,4.67651e-27,4.72626e-27,4.82152e-27,4.87136e-27,4.96702e-27,5.01641e-27,5.11198e-27,5.16039e-27,5.25649e-27,5.30458e-27,5.40037e-27,5.44876e-27,5.54481e-27,5.59277e-27,5.68964e-27,5.73788e-27,5.83496e-27,5.88306e-27,5.9797e-27,6.02822e-27,6.12631e-27,6.17491e-27,6.27153e-27,6.31979e-27,6.41656e-27,6.46589e-27,6.56444e-27,6.61443e-27,6.71183e-27,6.76209e-27,6.86008e-27,6.91245e-27,7.01057e-27,7.0622e-27,7.15999e-27,7.21271e-27,7.31192e-27,7.36536e-27,7.46307e-27,7.51685e-27,7.61482e-27,7.67078e-27,7.76857e-27,7.82386e-27,7.92101e-27,7.97738e-27,8.07523e-27,8.13439e-27,8.23249e-27,8.29161e-27,8.38953e-27,8.45045e-27,8.54997e-27,8.61233e-27,8.71055e-27,8.77394e-27,8.87254e-27,8.93836e-27,9.03902e-27,9.10686e-27,9.20667e-27,9.27615e-27,9.37689e-27,9.4498e-27,9.55102e-27,9.62449e-27,9.72574e-27,9.80155e-27,9.90458e-27,9.98229e-27,1.00842e-26,1.01633e-26,1.02658e-26,1.03482e-26,1.04509e-26,1.05337e-26,1.0636e-26,1.07209e-26,1.08245e-26,1.09133e-26,1.10178e-26,1.1108e-26,1.12133e-26,1.1307e-26,1.14151e-26,1.15118e-26,1.16192e-26,1.17168e-26,1.18215e-26,1.19144e-26,1.20069e-26,1.20788e-26,1.21422e-26,1.22162e-26,1.24566e-26,1.34617e-26,1.75442e-26,3.33537e-26
0,7.98822e-29,1.60672e-28,2.39636e-28,3.21321e-28,3.99356e-28,4.81926e-28,5.59022e-28,6.42464e-28,7.18614e-28,8.02916e-28,8.78111e-28,9.63347e-28,1.03767e-27,1.12365e-27,1.19691e-27,1.2838e-27,1.35617e-27,1.44378e-27,1.51509e-27,1.60357e-27,1.67399e-27,1.76317e-27,1.83269e-27,1.92289e-27,1.99152e-27,2.08237e-27,2.14976e-27,2.24125e-27,2.30774e-27,2.39986e-27,2.46546e-27,2.55853e-27,2.62326e-27,2.71691e-27,2.78043e-27,2.87465e-27,2.93731e-27,3.03208e-27,3.09391e-27,3.18956e-27,3.25059e-27,3.3471e-27,3.40734e-27,3.50436e-27,3.56418e-27,3.66201e-27,3.72109e-27,3.81937e-27,3.87738e-27,3.97641e-27,4.03373e-27,4.13314e-27,4.18945e-27,4.28886e-27,4.34454e-27,4.44428e-27,4.49904e-27,4.59944e-27,4.65367e-27,4.75437e-27,4.80847e-27,4.90978e-27,4.96345e-27,5.06499e-27,5.11795e-27,5.22003e-27,5.27266e-27,5.37491e-27,5.42692e-27,5.52896e-27,5.58075e-27,5.68291e-27,5.73422e-27,5.83683e-27,5.88806e-27,5.99076e-27,6.04235e-27,6.14546e-27,6.19713e-27,6.30028e-27,6.35176e-27,6.45528e-27,6.50766e-27,6.61117e-27,6.66282e-27,6.76598e-27,6.81802e-27,6.92185e-27,6.9754e-27,7.07957e-27,7.133e-27,7.23715e-27,7.29157e-27,7.39672e-27,7.45187e-27,7.55629e-27,7.6119e-27,7.71662e-27,7.77382e-27,7.87849e-27,7.93563e-27,8.03992e-27,8.09812e-27,8.20307e-27,8.26208e-27,8.366e-27,8.42557e-27,8.52952e-27,8.5908e-27,8.69585e-27,8.75861e-27,8.86308e-27,8.92705e-27,9.032e-27,9.09832e-27,9.20343e-27,9.27047e-27,9.37546e-27,9.44435e-27,9.55029e-27,9.62216e-27,9.72875e-27,9.80196e-27,9.90888e-27,9.98452e-27,1.00928e-26,1.01706e-26,1.02786e-26,1.03582e-26,1.04668e-26,1.05493e-26,1.06583e-26,1.07419e-26,1.08508e-26,1.09367e-26,1.10466e-26,1.11343e-26,1.12434e-26,1.13327e-26,1.14422e-26,1.15343e-26,1.16454e-26,1.17401e-26,1.18515e-26,1.1949e-26,1.20621e-26,1.21641e-26,1.22792e-26,1.2384e-26,1.24997e-26,1.26058e-26,1.27175e-26,1.28142e-26,1.29003e-26,1.29504e-26,1.2956e-26,1.28849e-26,1.27226e-26,1.24584e-26,1.21258e-26
0,8.53471e-29,1.69725e-28,2.56029e-28,3.39427e-28,4.26676e-28,5.09082e-28,5.97263e-28,6.78669e-28,7.67771e-28,8.48175e-28,9.38213e-28,1.01764e-27,1.10859e-27,1.18699e-27,1.2788e-27,1.35617e-27,1.44886e-27,1.52518e-27,1.61871e-27,1.69401e-27,1.7884e-27,1.86271e-27,1.958e-27,2.03138e-27,2.12753e-27,2.1998e-27,2.29662e-27,2.36777e-27,2.46532e-27,2.53546e-27,2.63384e-27,2.70307e-27,2.80223e-27,2.87038e-27,2.97013e-27,3.03719e-27,3.13759e-27,3.20369e-27,3.30485e-27,3.37014e-27,3.47214e-27,3.53664e-27,3.6394e-27,3.70315e-27,3.80671e-27,3.86978e-27,3.97401e-27,4.03619e-27,4.14095e-27,4.20229e-27,4.30759e-27,4.36802e-27,4.47358e-27,4.53304e-27,4.6389e-27,4.69754e-27,4.8038e-27,4.86178e-27,4.96855e-27,5.02607e-27,5.13342e-27,5.19058e-27,5.29839e-27,5.355e-27,5.46312e-27,5.51928e-27,5.6277e-27,5.68335e-27,5.79182e-27,5.84692e-27,5.95546e-27,6.01019e-27,6.1189e-27,6.17346e-27,6.28245e-27,6.33704e-27,6.44641e-27,6.50116e-27,6.61077e-27,6.66554e-27,6.77531e-27,6.83038e-27,6.94043e-27,6.99559e-27,7.10537e-27,7.1605e-27,7.27045e-27,7.32643e-27,7.43699e-27,7.49371e-27,7.60436e-27,7.66167e-27,7.77271e-27,7.83101e-27,7.94219e-27,8.00105e-27,8.11213e-27,8.17194e-27,8.28324e-27,8.34385e-27,8.45484e-27,8.51612e-27,8.62712e-27,8.68946e-27,8.80025e-27,8.86325e-27,8.97367e-27,9.03788e-27,9.14874e-27,9.21471e-27,9.32585e-27,9.39317e-27,9.50439e-27,9.57348e-27,9.68512e-27,9.75584e-27,9.86743e-27,9.93968e-27,1.00517e-26,1.01264e-26,1.02393e-26,1.03163e-26,1.04297e-26,1.05088e-26,1.06231e-26,1.07047e-26,1.08195e-26,1.09031e-26,1.10183e-26,1.11043e-26,1.122e-26,1.13082e-26,1.1424e-26,1.1514e-26,1.16301e-26,1.17224e-26,1.18385e-26,1.19324e-26,1.20484e-26,1.21445e-26,1.22612e-26,1.236e-26,1.24775e-26,1.25791e-26,1.26977e-26,1.28031e-26,1.29241e-26,1.30343e-26,1.31585e-26,1.32742e-26,1.34021e-26,1.35216e-26,1.36451e-26,1.37467e-26,1.38132e-26,1.37655e-26,1.34112e-26,1.20817e-26,7.44295e-27,-9.10203e-27
0,8.98377e-29,1.80694e-28,2.69501e-28,3.61363e-28,4.49126e-28,5.41981e-28,6.2869e-28,7.22524e-28,8.08169e-28,9.02969e-28,9.87543e-28,1.08339e-27,1.16698e-27,1.26367e-27,1.34608e-27,1.44378e-27,1.52518e-27,1.62369e-27,1.7039e-27,1.8034e-27,1.8826e-27,1.98287e-27,2.06108e-27,2.16251e-27,2.23971e-27,2.34187e-27,2.41767e-27,2.52054e-27,2.59533e-27,2.6989e-27,2.77271e-27,2.87735e-27,2.95018e-27,3.05548e-27,3.12693e-27,3.23285e-27,3.30334e-27,3.40988e-27,3.47944e-27,3.58697e-27,3.65563e-27,3.76414e-27,3.83191e-27,3.94099e-27,4.0083e-27,4.1183e-27,4.18478e-27,4.29528e-27,4.36055e-27,4.4719e-27,4.5364e-27,4.64816e-27,4.71151e-27,4.82327e-27,4.8859e-27,4.99802e-27,5.05962e-27,5.17248e-27,5.2335e-27,5.34669e-27,5.40757e-27,5.52146e-27,5.58187e-27,5.69602e-27,5.75561e-27,5.87038e-27,5.9296e-27,6.04455e-27,6.10306e-27,6.21776e-27,6.27602e-27,6.39085e-27,6.44856e-27,6.56389e-27,6.62153e-27,6.73696e-27,6.79501e-27,6.91091e-27,6.96905e-27,7.08499e-27,7.14291e-27,7.25927e-27,7.31821e-27,7.43455e-27,7.49263e-27,7.60854e-27,7.66706e-27,7.78375e-27,7.84399e-27,7.96107e-27,8.02116e-27,8.13821e-27,8.19942e-27,8.3176e-27,8.37963e-27,8.49698e-27,8.55952e-27,8.67721e-27,8.74154e-27,8.85917e-27,8.92341e-27,9.0406e-27,9.10604e-27,9.22398e-27,9.29031e-27,9.40705e-27,9.47399e-27,9.59077e-27,9.65966e-27,9.7777e-27,9.84825e-27,9.96564e-27,1.00376e-26,1.01555e-26,1.02301e-26,1.03482e-26,1.04235e-26,1.05415e-26,1.0619e-26,1.0738e-26,1.08189e-26,1.09387e-26,1.10211e-26,1.11413e-26,1.12264e-26,1.13483e-26,1.14358e-26,1.15573e-26,1.16469e-26,1.17691e-26,1.1862e-26,1.19846e-26,1.20787e-26,1.22012e-26,1.22978e-26,1.24212e-26,1.25197e-26,1.26422e-26,1.27422e-26,1.28647e-26,1.29675e-26,1.30915e-26,1.3197e-26,1.33209e-26,1.34293e-26,1.35553e-26,1.36692e-26,1.3799e-26,1.39194e-26,1.4056e-26,1.41881e-26,1.43368e-26,1.44838e-26,1.46398e-26,1.47798e-26,1.48889e-26,1.4906e-26,1.4754e-26,1.43316e-26,1.36416e-26
0,9.53475e-29,1.89614e-28,2.86029e-28,3.79201e-28,4.7667e-28,5.68736e-28,6.67243e-28,7.58191e-28,8.57721e-28,9.47536e-28,1.04805e-27,1.13689e-27,1.23857e-27,1.32608e-27,1.42855e-27,1.51509e-27,1.61871e-27,1.7039e-27,1.80828e-27,1.89249e-27,1.99796e-27,2.08077e-27,2.18727e-27,2.26941e-27,2.37695e-27,2.45778e-27,2.56569e-27,2.64522e-27,2.7542e-27,2.83236e-27,2.9423e-27,3.01981e-27,3.1307e-27,3.20692e-27,3.31809e-27,3.39306e-27,3.50522e-27,3.57885e-27,3.69186e-27,3.76487e-27,3.87863e-27,3.95103e-27,4.06557e-27,4.13661e-27,4.25262e-27,4.32305e-27,4.43981e-27,4.50909e-27,4.62588e-27,4.69479e-27,4.81232e-27,4.88022e-27,4.99788e-27,5.0641e-27,5.1826e-27,5.24789e-27,5.3663e-27,5.4314e-27,5.55039e-27,5.61446e-27,5.73468e-27,5.79852e-27,5.91925e-27,5.98233e-27,6.10284e-27,6.16597e-27,6.28698e-27,6.34953e-27,6.47042e-27,6.53178e-27,6.65325e-27,6.71417e-27,6.83531e-27,6.89657e-27,7.01803e-27,7.07882e-27,7.20128e-27,7.2624e-27,7.38512e-27,7.44609e-27,7.56832e-27,7.62981e-27,7.75374e-27,7.8153e-27,7.93745e-27,7.99857e-27,8.1209e-27,8.18337e-27,8.30785e-27,8.37116e-27,8.49432e-27,8.55799e-27,8.68188e-27,8.74809e-27,8.87214e-27,8.93753e-27,9.06116e-27,9.12791e-27,9.25321e-27,9.32085e-27,9.44437e-27,9.51244e-27,9.63627e-27,9.70695e-27,9.83052e-27,9.90045e-27,1.00232e-26,1.00945e-26,1.02181e-26,1.02929e-26,1.04168e-26,1.04917e-26,1.06154e-26,1.06925e-26,1.08182e-26,1.08971e-26,1.10212e-26,1.11014e-26,1.12261e-26,1.13094e-26,1.14366e-26,1.15226e-26,1.16489e-26,1.1737e-26,1.18645e-26,1.19569e-26,1.20851e-26,1.21783e-26,1.23066e-26,1.24028e-26,1.25332e-26,1.26318e-26,1.27608e-26,1.28612e-26,1.29908e-26,1.30949e-26,1.32244e-26,1.33287e-26,1.34574e-26,1.35638e-26,1.36933e-26,1.38037e-26,1.39335e-26,1.4045e-26,1.41753e-26,1.4291e-26,1.44256e-26,1.45478e-26,1.46874e-26,1.48217e-26,1.49773e-26,1.51379e-26,1.53284e-26,1.55367e-26,1.57882e-26,1.60968e-26,1.65773e-26,1.76925e-26,2.14901e-26,3.63851e-26
0,9.97819e-29,2.00694e-28,2.99332e-28,4.01359e-28,4.9884e-28,6.01967e-28,6.98278e-28,8.02488e-28,8.97618e-28,1.0029e-27,1.09684e-27,1.2033e-27,1.29616e-27,1.40353e-27,1.49507e-27,1.60357e-27,1.69401e-27,1.8034e-27,1.89249e-27,2.00297e-27,2.09096e-27,2.20229e-27,2.28919e-27,2.40184e-27,2.48764e-27,2.60109e-27,2.68528e-27,2.7995e-27,2.88258e-27,2.99757e-27,3.07958e-27,3.1958e-27,3.27674e-27,3.39367e-27,3.47304e-27,3.59063e-27,3.66894e-27,3.7872e-27,3.86447e-27,3.98387e-27,4.06015e-27,4.18064e-27,4.25594e-27,4.37703e-27,4.45186e-27,4.57402e-27,4.64793e-27,4.77061e-27,4.84315e-27,4.9668e-27,5.0385e-27,5.16261e-27,5.233e-27,5.35705e-27,5.42665e-27,5.55108e-27,5.6195e-27,5.74479e-27,5.81257e-27,5.93822e-27,6.0059e-27,6.13237e-27,6.19954e-27,6.32626e-27,6.39248e-27,6.51992e-27,6.58576e-27,6.71339e-27,6.77841e-27,6.90571e-27,6.97044e-27,7.09787e-27,7.16197e-27,7.28998e-27,7.35401e-27,7.48212e-27,7.54665e-27,7.67532e-27,7.73995e-27,7.86862e-27,7.93296e-27,8.06215e-27,8.12773e-27,8.25687e-27,8.32132e-27,8.44986e-27,8.51479e-27,8.64431e-27,8.71132e-27,8.84128e-27,8.90799e-27,9.03785e-27,9.10588e-27,9.23713e-27,9.30605e-27,9.43624e-27,9.50566e-27,9.63629e-27,9.70782e-27,9.83838e-27,9.90968e-27,1.00397e-26,1.01124e-26,1.02433e-26,1.03169e-26,1.04464e-26,1.05206e-26,1.06501e-26,1.07266e-26,1.08576e-26,1.0936e-26,1.10662e-26,1.1146e-26,1.12769e-26,1.13598e-26,1.14908e-26,1.15744e-26,1.17052e-26,1.17912e-26,1.19234e-26,1.20132e-26,1.21463e-26,1.22378e-26,1.23713e-26,1.24659e-26,1.26014e-26,1.26987e-26,1.28337e-26,1.29333e-26,1.30692e-26,1.31726e-26,1.3309e-26,1.34137e-26,1.35498e-26,1.36572e-26,1.37944e-26,1.39038e-26,1.40395e-26,1.41502e-26,1.42857e-26,1.43991e-26,1.45357e-26,1.46513e-26,1.47868e-26,1.49046e-26,1.50415e-26,1.51649e-26,1.53059e-26,1.54375e-26,1.559e-26,1.57443e-26,1.59302e-26,1.61395e-26,1.64044e-26,1.673e-26,1.71443e-26,1.76102e-26,1.7953e-26,1.75497e-26,1.51573e-26
