0,0,0,0,0,0,0,0,0,0,0,0,0,0,0,0,0,0,0,0,0,0,0,0,0,0,0,0,0,0,0,0,0,0,0,0,0,0,0,0,0,0,0,0,0,0,0,0,0,0,0,0,0,0,0,0,0,0,0,0,0,0,0,0,0,0,0,0,0,0,0,0,0,0,0,0,0,0,0,0,0,0,0,0,0,0,0,0,0,0,0,0,0,0,0,0,0,0,0,0,0,0,0,0,0,0,0,0,0,0,0,0,0,0,0,0,0,0,0,0,0,0,0,0,0,0,0,0,0,0,0,0,0,0,0,0,0,0,0,0,0,0,0,0,0,0,0,0,0,0,0,0,0,0,0,0,0,0,0,0,0
0,5.17308e-30,1.02886e-29,1.55183e-29,2.05754e-29,2.58609e-29,3.08585e-29,3.61991e-29,4.11362e-29,4.6531e-29,5.14067e-29,5.6855e-29,6.16736e-29,6.71802e-29,7.19299e-29,7.74833e-29,8.21739e-29,8.77842e-29,9.24039e-29,9.80599e-29,1.02619e-28,1.0833e-28,1.12817e-28,1.18584e-28,1.23018e-28,1.28839e-28,1.33199e-28,1.39053e-28,1.43338e-28,1.49246e-28,1.53455e-28,1.59415e-28,1.6357e-28,1.69582e-28,1.73662e-28,1.79703e-28,1.83707e-28,1.89798e-28,1.93727e-28,1.99868e-28,2.03744e-28,2.09934e-28,2.13758e-28,2.19996e-28,2.23747e-28,2.30053e-28,2.33754e-28,2.40104e-28,2.43735e-28,2.50106e-28,2.5369e-28,2.60102e-28,2.63618e-28,2.70047e-28,2.73476e-28,2.79943e-28,2.83309e-28,2.8979e-28,2.93119e-28,2.99633e-28,3.02906e-28,3.09473e-28,3.12715e-28,3.19312e-28,3.22505e-28,3.29107e-28,3.32276e-28,3.38902e-28,3.4203e-28,3.48656e-28,3.51726e-28,3.58371e-28,3.61409e-28,3.68049e-28,3.71082e-28,3.77737e-28,3.80749e-28,3.87438e-28,3.90455e-28,3.97155e-28,4.00163e-28,4.06849e-28,4.09873e-28,4.16608e-28,4.19634e-28,4.26309e-28,4.29321e-28,4.35998e-28,4.39067e-28,4.4581e-28,4.4892e-28,4.55621e-28,4.58758e-28,4.65479e-28,4.68713e-28,4.75432e-28,4.78661e-28,4.85356e-28,4.8865e-28,4.95384e-28,4.98728e-28,5.05393e-28,5.08772e-28,5.15433e-28,5.18917e-28,5.25552e-28,5.2904e-28,5.3563e-28,5.39193e-28,5.45804e-28,5.49513e-28,5.56125e-28,5.59879e-28,5.66472e-28,5.70341e-28,5.76982e-28,5.8095e-28,5.87534e-28,5.91585e-28,5.98179e-28,6.02384e-28,6.09055e-28,6.13398e-28,6.20041e-28,6.24504e-28,6.31187e-28,6.35839e-28,6.42543e-28,6.47282e-28,6.53989e-28,6.58883e-28,6.65661e-28,6.70695e-28,6.77443e-28,6.82602e-28,6.89391e-28,6.9475e-28,7.01568e-28,7.07028e-28,7.13866e-28,7.19507e-28,7.26442e-28,7.32338e-28,7.39356e-28,7.45401e-28,7.52469e-28,7.58695e-28,7.65811e-28,7.7207e-28,7.7891e-28,7.84831e-28,7.90911e-28,7.95734e-28,7.99937e-28,8.02037e-28,8.02233e-28,7.99287e-28,7.9332e-28,7.83874e-28,7.71713e-28,7.57864e-28
0,1.02886e-29,2.06914e-29,3.0864e-29,4.13793e-29,5.14339e-29,6.206e-29,7.19946e-29,8.273e-29,9.25428e-29,1.03386e-28,1.13075e-28,1.24035e-28,1.33609e-28,1.44663e-28,1.54098e-28,1.65267e-28,1.74583e-28,1.85844e-28,1.95017e-28,2.0639e-28,2.1544e-28,2.26903e-28,2.35828e-28,2.47423e-28,2.56222e-28,2.67903e-28,2.76531e-28,2.88298e-28,2.96798e-28,3.08649e-28,3.17019e-28,3.28996e-28,3.37236e-28,3.49294e-28,3.57361e-28,3.695e-28,3.77437e-28,3.89654e-28,3.97463e-28,4.098e-28,4.17483e-28,4.29938e-28,4.37496e-28,4.50023e-28,4.57502e-28,4.70142e-28,4.775e-28,4.90207e-28,4.97404e-28,5.10215e-28,5.17297e-28,5.30166e-28,5.37094e-28,5.49975e-28,5.56795e-28,5.69727e-28,5.76405e-28,5.89427e-28,5.96011e-28,6.09077e-28,6.15617e-28,6.28766e-28,6.35226e-28,6.4841e-28,6.54755e-28,6.6801e-28,6.7429e-28,6.87569e-28,6.9375e-28,7.07005e-28,7.13138e-28,7.26407e-28,7.32459e-28,7.45782e-28,7.51808e-28,7.65137e-28,7.71191e-28,7.84564e-28,7.90615e-28,8.03985e-28,8.09999e-28,8.23405e-28,8.29523e-28,8.42917e-28,8.48936e-28,8.62272e-28,8.68334e-28,8.81739e-28,8.87985e-28,9.01414e-28,9.07642e-28,9.21049e-28,9.27401e-28,9.40912e-28,9.47356e-28,9.60755e-28,9.6726e-28,9.80672e-28,9.87379e-28,1.00076e-27,1.00747e-27,1.02078e-27,1.02762e-27,1.04099e-27,1.04794e-27,1.06115e-27,1.06818e-27,1.08136e-27,1.08862e-27,1.10191e-27,1.10935e-27,1.12254e-27,1.13015e-27,1.14336e-27,1.15127e-27,1.16448e-27,1.17248e-27,1.18564e-27,1.19388e-27,1.20713e-27,1.21574e-27,1.22904e-27,1.23783e-27,1.25114e-27,1.26023e-27,1.27369e-27,1.28306e-27,1.29646e-27,1.30607e-27,1.31954e-27,1.32953e-27,1.34304e-27,1.35322e-27,1.36673e-27,1.37723e-27,1.3909e-27,1.4017e-27,1.41533e-27,1.42641e-27,1.44017e-27,1.45168e-27,1.4657e-27,1.47764e-27,1.49172e-27,1.50401e-27,1.51824e-27,1.53089e-27,1.545e-27,1.55743e-27,1.57074e-27,1.58205e-27,1.59311e-27,1.60113e-27,1.60671e-27,1.60704e-27,1.60212e-27,1.58982e-27,1.5707e-27,1.54501e-27,1.51573e-27
0,1.55183e-29,3.0864e-29,4.65523e-29,6.17225e-29,7.75783e-29,9.257e-29,1.08591e-28,1.23401e-28,1.39585e-28,1.54211e-28,1.70555e-28,1.8501e-28,2.01529e-28,2.15777e-28,2.32436e-28,2.46507e-28,2.63337e-28,2.77195e-28,2.94163e-28,3.07837e-28,3.24972e-28,3.38429e-28,3.5573e-28,3.69031e-28,3.86496e-28,3.99574e-28,4.17136e-28,4.29989e-28,4.47711e-28,4.60338e-28,4.78217e-28,4.90682e-28,5.08717e-28,5.20954e-28,5.39077e-28,5.51087e-28,5.69362e-28,5.81146e-28,5.99569e-28,6.11195e-28,6.29764e-28,6.41234e-28,6.59947e-28,6.712e-28,6.90117e-28,7.01219e-28,7.2027e-28,7.31161e-28,7.50276e-28,7.61023e-28,7.80261e-28,7.90806e-28,8.10095e-28,8.2038e-28,8.3978e-28,8.49877e-28,8.69319e-28,8.79302e-28,8.98845e-28,9.08661e-28,9.28364e-28,9.38088e-28,9.57878e-28,9.67456e-28,9.87262e-28,9.96769e-28,1.01665e-27,1.02603e-27,1.04591e-27,1.05511e-27,1.07505e-27,1.08416e-27,1.10408e-27,1.11318e-27,1.13314e-27,1.14217e-27,1.16224e-27,1.17129e-27,1.19139e-27,1.20041e-27,1.22047e-27,1.22954e-27,1.24975e-27,1.25882e-27,1.27884e-27,1.28788e-27,1.30791e-27,1.31711e-27,1.33734e-27,1.34667e-27,1.36677e-27,1.37618e-27,1.39634e-27,1.40604e-27,1.4262e-27,1.43589e-27,1.45597e-27,1.46585e-27,1.48605e-27,1.49608e-27,1.51608e-27,1.52621e-27,1.54619e-27,1.55664e-27,1.57655e-27,1.58701e-27,1.60678e-27,1.61746e-27,1.63729e-27,1.64842e-27,1.66825e-27,1.67951e-27,1.69929e-27,1.71089e-27,1.73082e-27,1.74272e-27,1.76247e-27,1.77462e-27,1.7944e-27,1.80702e-27,1.82703e-27,1.84005e-27,1.85998e-27,1.87337e-27,1.89342e-27,1.90738e-27,1.92749e-27,1.9417e-27,1.96182e-27,1.9765e-27,1.99683e-27,2.01193e-27,2.03217e-27,2.04764e-27,2.068e-27,2.08407e-27,2.10451e-27,2.12089e-27,2.14139e-27,2.1583e-27,2.1791e-27,2.19679e-27,2.21785e-27,2.23602e-27,2.25729e-27,2.27608e-27,2.29762e-27,2.31672e-27,2.33775e-27,2.3563e-27,2.37568e-27,2.39175e-27,2.40645e-27,2.41522e-27,2.41835e-27,2.41148e-27,2.39401e-27,2.3636e-27,2.32215e-27,2.27359e-27
0,2.05754e-29,4.13793e-29,6.17225e-29,8.27513e-29,1.02859e-28,1.24109e-28,1.43976e-28,1.65445e-28,1.85069e-28,2.06754e-28,2.26129e-28,2.48049e-28,2.67194e-28,2.89302e-28,3.08169e-28,3.30506e-28,3.49134e-28,3.71655e-28,3.89998e-28,4.12743e-28,4.30841e-28,4.53766e-28,4.71614e-28,4.94802e-28,5.12398e-28,5.3576e-28,5.53014e-28,5.76547e-28,5.93542e-28,6.17244e-28,6.33981e-28,6.57935e-28,6.74412e-28,6.98528e-28,7.14658e-28,7.38934e-28,7.54805e-28,7.79237e-28,7.94852e-28,8.19525e-28,8.34887e-28,8.59796e-28,8.7491e-28,8.99965e-28,9.1492e-28,9.40201e-28,9.54914e-28,9.80328e-28,9.94719e-28,1.02034e-27,1.0345e-27,1.06024e-27,1.07409e-27,1.09985e-27,1.11349e-27,1.13935e-27,1.1527e-27,1.17875e-27,1.19191e-27,1.21804e-27,1.23112e-27,1.25742e-27,1.27034e-27,1.2967e-27,1.30939e-27,1.3359e-27,1.34846e-27,1.37502e-27,1.38737e-27,1.41388e-27,1.42614e-27,1.45268e-27,1.46478e-27,1.49143e-27,1.50347e-27,1.53013e-27,1.54223e-27,1.56898e-27,1.58108e-27,1.60782e-27,1.61984e-27,1.64665e-27,1.65889e-27,1.68567e-27,1.6977e-27,1.72438e-27,1.73649e-27,1.7633e-27,1.77579e-27,1.80265e-27,1.8151e-27,1.84191e-27,1.85461e-27,1.88164e-27,1.89452e-27,1.92132e-27,1.93432e-27,1.96115e-27,1.97456e-27,2.00132e-27,2.01473e-27,2.04134e-27,2.05503e-27,2.08176e-27,2.09566e-27,2.12207e-27,2.13613e-27,2.1625e-27,2.177e-27,2.20358e-27,2.21846e-27,2.24484e-27,2.26004e-27,2.28648e-27,2.30228e-27,2.32869e-27,2.34469e-27,2.37101e-27,2.38748e-27,2.41398e-27,2.43121e-27,2.4578e-27,2.47537e-27,2.50199e-27,2.52018e-27,2.5471e-27,2.56584e-27,2.59262e-27,2.61185e-27,2.63878e-27,2.65877e-27,2.68577e-27,2.70611e-27,2.73314e-27,2.75412e-27,2.78145e-27,2.80302e-27,2.83027e-27,2.85241e-27,2.87989e-27,2.90291e-27,2.93095e-27,2.95482e-27,2.98304e-27,3.00772e-27,3.03637e-27,3.06203e-27,3.09083e-27,3.11663e-27,3.14472e-27,3.16955e-27,3.19484e-27,3.21514e-27,3.23158e-27,3.23797e-27,3.233e-27,3.21024e-27,3.16824e-27,3.10609e-27,3.03146e-27
0,2.58609e-29,5.14339e-29,7.75783e-29,1.02859e-28,1.29282e-28,1.54265e-28,1.80964e-28,2.05644e-28,2.32614e-28,2.56987e-28,2.84225e-28,3.08313e-28,3.35842e-28,3.59585e-28,3.87349e-28,4.10796e-28,4.38844e-28,4.61936e-28,4.90213e-28,5.13e-28,5.41556e-28,5.6398e-28,5.92814e-28,6.14979e-28,6.44086e-28,6.65878e-28,6.95147e-28,7.16564e-28,7.46098e-28,7.67138e-28,7.96936e-28,8.17706e-28,8.47763e-28,8.68153e-28,8.98358e-28,9.18368e-28,9.48823e-28,9.68457e-28,9.99161e-28,1.01853e-27,1.04948e-27,1.06859e-27,1.09978e-27,1.11853e-27,1.15006e-27,1.16855e-27,1.20031e-27,1.21845e-27,1.25032e-27,1.26822e-27,1.30029e-27,1.31786e-27,1.35e-27,1.36714e-27,1.39947e-27,1.41629e-27,1.44869e-27,1.46532e-27,1.49789e-27,1.51425e-27,1.54709e-27,1.56329e-27,1.59627e-27,1.61223e-27,1.64524e-27,1.66108e-27,1.69421e-27,1.70984e-27,1.74297e-27,1.75831e-27,1.79153e-27,1.80671e-27,1.83991e-27,1.85506e-27,1.88833e-27,1.90338e-27,1.93683e-27,1.9519e-27,1.9854e-27,2.00043e-27,2.03386e-27,2.04897e-27,2.08265e-27,2.09776e-27,2.13114e-27,2.14618e-27,2.17956e-27,2.19489e-27,2.22861e-27,2.24414e-27,2.27765e-27,2.29332e-27,2.32693e-27,2.34309e-27,2.37668e-27,2.39282e-27,2.42629e-27,2.44275e-27,2.47642e-27,2.49313e-27,2.52646e-27,2.54334e-27,2.57664e-27,2.59404e-27,2.62722e-27,2.64464e-27,2.67758e-27,2.69538e-27,2.72843e-27,2.74696e-27,2.78002e-27,2.79877e-27,2.83174e-27,2.85107e-27,2.88427e-27,2.9041e-27,2.93701e-27,2.95726e-27,2.99022e-27,3.01123e-27,3.04459e-27,3.06629e-27,3.09951e-27,3.12181e-27,3.15523e-27,3.17848e-27,3.212e-27,3.23569e-27,3.26921e-27,3.29367e-27,3.32755e-27,3.3527e-27,3.38642e-27,3.41219e-27,3.4461e-27,3.47285e-27,3.5069e-27,3.53415e-27,3.56829e-27,3.59643e-27,3.63107e-27,3.66052e-27,3.69564e-27,3.72596e-27,3.76153e-27,3.79311e-27,3.82949e-27,3.86215e-27,3.89858e-27,3.93171e-27,3.96746e-27,3.99935e-27,4.03106e-27,4.05515e-27,4.07146e-27,4.0706e-27,4.04741e-27,3.99205e-27,3.90303e-27,3.78932e-27
0,3.08585e-29,6.206e-29,9.257e-29,1.24109e-28,1.54265e-28,1.86136e-28,2.15932e-28,2.48132e-28,2.77561e-28,3.10085e-28,3.39143e-28,3.72019e-28,4.00731e-28,4.3389e-28,4.62184e-28,4.95687e-28,5.23623e-28,5.57401e-28,5.84909e-28,6.19024e-28,6.46163e-28,6.80548e-28,7.07315e-28,7.42096e-28,7.68484e-28,8.03525e-28,8.29398e-28,8.64695e-28,8.90181e-28,9.25731e-28,9.5083e-28,9.8676e-28,1.01147e-27,1.04764e-27,1.07183e-27,1.10824e-27,1.13203e-27,1.16868e-27,1.19209e-27,1.2291e-27,1.25213e-27,1.2895e-27,1.31216e-27,1.34974e-27,1.37217e-27,1.41009e-27,1.43215e-27,1.47028e-27,1.49186e-27,1.53029e-27,1.55153e-27,1.59014e-27,1.6109e-27,1.64954e-27,1.66999e-27,1.70878e-27,1.72879e-27,1.76786e-27,1.78759e-27,1.82679e-27,1.84639e-27,1.88584e-27,1.90521e-27,1.94477e-27,1.96379e-27,2.00356e-27,2.02238e-27,2.06223e-27,2.08075e-27,2.12051e-27,2.13889e-27,2.17869e-27,2.19683e-27,2.23679e-27,2.25485e-27,2.29484e-27,2.31298e-27,2.3531e-27,2.37124e-27,2.41135e-27,2.42937e-27,2.4696e-27,2.48793e-27,2.52811e-27,2.54614e-27,2.58615e-27,2.6043e-27,2.64452e-27,2.66323e-27,2.70352e-27,2.72219e-27,2.76241e-27,2.78145e-27,2.82198e-27,2.8413e-27,2.88149e-27,2.90099e-27,2.94123e-27,2.96133e-27,3.00148e-27,3.02157e-27,3.0615e-27,3.08201e-27,3.1221e-27,3.14294e-27,3.18255e-27,3.20362e-27,3.24316e-27,3.2649e-27,3.30477e-27,3.32708e-27,3.36664e-27,3.38943e-27,3.42908e-27,3.45278e-27,3.4924e-27,3.51638e-27,3.55585e-27,3.58054e-27,3.62028e-27,3.64611e-27,3.68601e-27,3.71236e-27,3.75229e-27,3.77957e-27,3.81994e-27,3.84804e-27,3.88822e-27,3.91705e-27,3.95744e-27,3.9874e-27,4.0279e-27,4.05838e-27,4.09889e-27,4.13033e-27,4.17129e-27,4.2036e-27,4.24442e-27,4.27756e-27,4.31873e-27,4.35319e-27,4.39521e-27,4.43099e-27,4.47335e-27,4.51047e-27,4.55372e-27,4.59274e-27,4.63691e-27,4.6773e-27,4.72224e-27,4.76406e-27,4.80918e-27,4.85037e-27,4.89018e-27,4.91926e-27,4.93318e-27,4.91527e-27,4.85072e-27,4.72412e-27,4.54719e-27
0,3.61991e-29,7.19946e-29,1.08591e-28,1.43976e-28,1.80964e-28,2.15932e-28,2.53305e-28,2.87849e-28,3.25602e-28,3.59716e-28,3.97845e-28,4.3156e-28,4.70098e-28,5.03329e-28,5.42195e-28,5.75011e-28,6.14275e-28,6.46594e-28,6.86177e-28,7.18069e-28,7.58044e-28,7.89428e-28,8.29794e-28,8.60817e-28,9.01566e-28,9.32067e-28,9.73039e-28,1.00301e-27,1.04436e-27,1.0738e-27,1.11552e-27,1.14458e-27,1.18667e-27,1.2152e-27,1.25748e-27,1.28548e-27,1.32812e-27,1.35559e-27,1.39857e-27,1.42567e-27,1.469e-27,1.49574e-27,1.53941e-27,1.56564e-27,1.60979e-27,1.63568e-27,1.68014e-27,1.70553e-27,1.75014e-27,1.7752e-27,1.82009e-27,1.84468e-27,1.88969e-27,1.91366e-27,1.95892e-27,1.98245e-27,2.02781e-27,2.05107e-27,2.09667e-27,2.11955e-27,2.16553e-27,2.1882e-27,2.23438e-27,2.25671e-27,2.30293e-27,2.32509e-27,2.37148e-27,2.39335e-27,2.43973e-27,2.46119e-27,2.5077e-27,2.52892e-27,2.5754e-27,2.59659e-27,2.64317e-27,2.66422e-27,2.71105e-27,2.73214e-27,2.77904e-27,2.80006e-27,2.84687e-27,2.86801e-27,2.91516e-27,2.93631e-27,2.98302e-27,3.00405e-27,3.05078e-27,3.07222e-27,3.11943e-27,3.14116e-27,3.18807e-27,3.20999e-27,3.25705e-27,3.27965e-27,3.32669e-27,3.34926e-27,3.39612e-27,3.41915e-27,3.4663e-27,3.48968e-27,3.53633e-27,3.55994e-27,3.60656e-27,3.63091e-27,3.67735e-27,3.70171e-27,3.74782e-27,3.77271e-27,3.81897e-27,3.8449e-27,3.89117e-27,3.91741e-27,3.96356e-27,3.99061e-27,4.03709e-27,4.06483e-27,4.1109e-27,4.13922e-27,4.18535e-27,4.21476e-27,4.26146e-27,4.29183e-27,4.33833e-27,4.36955e-27,4.41634e-27,4.44889e-27,4.49581e-27,4.52895e-27,4.57589e-27,4.61011e-27,4.65754e-27,4.69272e-27,4.7399e-27,4.77593e-27,4.82337e-27,4.86077e-27,4.90837e-27,4.94643e-27,4.99413e-27,5.03344e-27,5.08183e-27,5.12298e-27,5.17208e-27,5.21449e-27,5.26434e-27,5.30874e-27,5.36013e-27,5.40677e-27,5.45948e-27,5.50888e-27,5.56416e-27,5.61755e-27,5.6761e-27,5.73169e-27,5.78601e-27,5.82497e-27,5.83233e-27,5.76996e-27,5.59633e-27,5.30505e-27
0,4.11362e-29,8.273e-29,1.23401e-28,1.65445e-28,2.05644e-28,2.48132e-28,2.87849e-28,3.30775e-28,3.70003e-28,4.13361e-28,4.52094e-28,4.95924e-28,5.34197e-28,5.78403e-28,6.16117e-28,6.60783e-28,6.9802e-28,7.4305e-28,7.79713e-28,8.25194e-28,8.61366e-28,9.07207e-28,9.42886e-28,9.89262e-28,1.02444e-27,1.07116e-27,1.10564e-27,1.1527e-27,1.18666e-27,1.23405e-27,1.26751e-27,1.31541e-27,1.34835e-27,1.39658e-27,1.42881e-27,1.47735e-27,1.50906e-27,1.55791e-27,1.58911e-27,1.63845e-27,1.66914e-27,1.71896e-27,1.74916e-27,1.79927e-27,1.82916e-27,1.87973e-27,1.90914e-27,1.95997e-27,1.98873e-27,2.03999e-27,2.06828e-27,2.11977e-27,2.14744e-27,2.19896e-27,2.22619e-27,2.27791e-27,2.30456e-27,2.35665e-27,2.38293e-27,2.4352e-27,2.46132e-27,2.51393e-27,2.53974e-27,2.59249e-27,2.61783e-27,2.67087e-27,2.69595e-27,2.74908e-27,2.77375e-27,2.82677e-27,2.85125e-27,2.90431e-27,2.92847e-27,2.98175e-27,3.0058e-27,3.05911e-27,3.08329e-27,3.13679e-27,3.16095e-27,3.21443e-27,3.23844e-27,3.29207e-27,3.31651e-27,3.37009e-27,3.39409e-27,3.44741e-27,3.47158e-27,3.52519e-27,3.55014e-27,3.60386e-27,3.62872e-27,3.68234e-27,3.70771e-27,3.76177e-27,3.7875e-27,3.84109e-27,3.86706e-27,3.92072e-27,3.94751e-27,4.00104e-27,4.02781e-27,4.08103e-27,4.10836e-27,4.16182e-27,4.18958e-27,4.24237e-27,4.27042e-27,4.32312e-27,4.35207e-27,4.40524e-27,4.43497e-27,4.48771e-27,4.51807e-27,4.57093e-27,4.60252e-27,4.65534e-27,4.68728e-27,4.73988e-27,4.77277e-27,4.82575e-27,4.86019e-27,4.91338e-27,4.9485e-27,5.00173e-27,5.0381e-27,5.09194e-27,5.1294e-27,5.18296e-27,5.22137e-27,5.27522e-27,5.31515e-27,5.36914e-27,5.40973e-27,5.4637e-27,5.50555e-27,5.56011e-27,5.6031e-27,5.65742e-27,5.70146e-27,5.75621e-27,5.80202e-27,5.8579e-27,5.90547e-27,5.96181e-27,6.01122e-27,6.06892e-27,6.12118e-27,6.18067e-27,6.2358e-27,6.29829e-27,6.35889e-27,6.42797e-27,6.49887e-27,6.57963e-27,6.66412e-27,6.75208e-27,6.81703e-27,6.80212e-27,6.58545e-27,6.06291e-27
0,4.6531e-29,9.25428e-29,1.39585e-28,1.85069e-28,2.32614e-28,2.77561e-28,3.25602e-28,3.70003e-28,4.18533e-28,4.62379e-28,5.11393e-28,5.54731e-28,6.04275e-28,6.46985e-28,6.96945e-28,7.39126e-28,7.89604e-28,8.31138e-28,8.82019e-28,9.23007e-28,9.74396e-28,1.01472e-27,1.06662e-27,1.1065e-27,1.1589e-27,1.1981e-27,1.25077e-27,1.28928e-27,1.34243e-27,1.38026e-27,1.43389e-27,1.47126e-27,1.52537e-27,1.56204e-27,1.6164e-27,1.65237e-27,1.70718e-27,1.74246e-27,1.79772e-27,1.83255e-27,1.88825e-27,1.92262e-27,1.97875e-27,2.01246e-27,2.06923e-27,2.1025e-27,2.15968e-27,2.1923e-27,2.24965e-27,2.28187e-27,2.3396e-27,2.3712e-27,2.42906e-27,2.45984e-27,2.51804e-27,2.54825e-27,2.60656e-27,2.63644e-27,2.69506e-27,2.72445e-27,2.78357e-27,2.81271e-27,2.8721e-27,2.90078e-27,2.96021e-27,2.98869e-27,3.04835e-27,3.07645e-27,3.13608e-27,3.16363e-27,3.22342e-27,3.25067e-27,3.31042e-27,3.33763e-27,3.39751e-27,3.42454e-27,3.48476e-27,3.51186e-27,3.57217e-27,3.59916e-27,3.65933e-27,3.6865e-27,3.74717e-27,3.77432e-27,3.83435e-27,3.86132e-27,3.92137e-27,3.9489e-27,4.00964e-27,4.03756e-27,4.09785e-27,4.12599e-27,4.1865e-27,4.21557e-27,4.27606e-27,4.30503e-27,4.36526e-27,4.39485e-27,4.4555e-27,4.48553e-27,4.54549e-27,4.5758e-27,4.63574e-27,4.66706e-27,4.72675e-27,4.75801e-27,4.81724e-27,4.84918e-27,4.90865e-27,4.942e-27,5.00149e-27,5.03518e-27,5.09449e-27,5.12925e-27,5.18904e-27,5.22469e-27,5.28388e-27,5.32022e-27,5.37951e-27,5.41729e-27,5.47737e-27,5.51641e-27,5.57618e-27,5.61628e-27,5.67644e-27,5.71832e-27,5.77866e-27,5.82123e-27,5.88154e-27,5.92553e-27,5.98652e-27,6.03173e-27,6.09233e-27,6.13857e-27,6.1995e-27,6.24752e-27,6.30863e-27,6.3574e-27,6.41854e-27,6.46886e-27,6.53089e-27,6.58361e-27,6.64649e-27,6.70075e-27,6.76457e-27,6.82142e-27,6.88738e-27,6.94735e-27,7.01549e-27,7.08019e-27,7.1542e-27,7.22939e-27,7.31848e-27,7.41816e-27,7.54382e-27,7.69872e-27,7.88501e-27,8.03407e-27,7.88151e-27,6.82078e-27
0,5.14067e-29,1.03386e-28,1.54211e-28,2.06754e-28,2.56987e-28,3.10085e-28,3.59716e-28,4.13361e-28,4.62379e-28,5.16561e-28,5.64955e-28,6.19744e-28,6.6758e-28,7.22817e-28,7.69933e-28,8.25766e-28,8.72304e-28,9.28573e-28,9.74371e-28,1.03122e-27,1.07642e-27,1.13368e-27,1.17827e-27,1.23626e-27,1.28023e-27,1.33863e-27,1.38169e-27,1.4405e-27,1.48293e-27,1.54214e-27,1.58394e-27,1.64384e-27,1.68501e-27,1.74531e-27,1.78554e-27,1.84621e-27,1.88582e-27,1.94685e-27,1.98582e-27,2.04749e-27,2.08583e-27,2.14813e-27,2.18582e-27,2.24844e-27,2.28581e-27,2.34904e-27,2.38581e-27,2.44933e-27,2.48522e-27,2.54934e-27,2.58469e-27,2.64909e-27,2.68362e-27,2.74799e-27,2.78202e-27,2.84664e-27,2.87989e-27,2.94502e-27,2.97782e-27,3.04313e-27,3.07579e-27,3.14157e-27,3.17384e-27,3.23975e-27,3.27137e-27,3.33771e-27,3.36905e-27,3.4355e-27,3.46628e-27,3.53253e-27,3.56311e-27,3.62941e-27,3.65954e-27,3.72616e-27,3.75616e-27,3.82278e-27,3.853e-27,3.91989e-27,3.95009e-27,4.01691e-27,4.04684e-27,4.1139e-27,4.14455e-27,4.21152e-27,4.24142e-27,4.30797e-27,4.33807e-27,4.4051e-27,4.43637e-27,4.50353e-27,4.53451e-27,4.60148e-27,4.63316e-27,4.70087e-27,4.73301e-27,4.79993e-27,4.83229e-27,4.89936e-27,4.93295e-27,4.99987e-27,5.03323e-27,5.09969e-27,5.13382e-27,5.20077e-27,5.23543e-27,5.30134e-27,5.33626e-27,5.40205e-27,5.43821e-27,5.50479e-27,5.54193e-27,5.60778e-27,5.64565e-27,5.71173e-27,5.75131e-27,5.81733e-27,5.85715e-27,5.9228e-27,5.96382e-27,6.03005e-27,6.0732e-27,6.1397e-27,6.18351e-27,6.25e-27,6.29545e-27,6.36288e-27,6.4097e-27,6.47658e-27,6.52451e-27,6.59181e-27,6.64182e-27,6.70927e-27,6.7599e-27,6.82723e-27,6.87946e-27,6.94769e-27,7.0013e-27,7.06896e-27,7.12373e-27,7.19186e-27,7.24886e-27,7.31855e-27,7.37767e-27,7.44764e-27,7.50888e-27,7.58046e-27,7.64527e-27,7.71888e-27,7.78682e-27,7.86392e-27,7.93901e-27,8.02616e-27,8.11991e-27,8.23735e-27,8.38913e-27,8.61875e-27,8.98754e-27,9.56977e-27,1.00848e-26,7.57864e-27
0,5.6855e-29,1.13075e-28,1.70555e-28,2.26129e-28,2.84225e-28,3.39143e-28,3.97845e-28,4.52094e-28,5.11393e-28,5.64955e-28,6.24817e-28,6.77806e-28,7.38387e-28,7.90529e-28,8.51541e-28,9.03112e-28,9.64835e-28,1.01554e-27,1.07768e-27,1.12779e-27,1.19061e-27,1.23977e-27,1.30322e-27,1.352e-27,1.41609e-27,1.464e-27,1.52826e-27,1.57533e-27,1.6403e-27,1.6864e-27,1.75198e-27,1.79768e-27,1.86387e-27,1.90869e-27,1.97501e-27,2.01897e-27,2.08597e-27,2.12897e-27,2.19652e-27,2.23908e-27,2.30709e-27,2.34921e-27,2.41771e-27,2.45878e-27,2.52832e-27,2.56891e-27,2.63895e-27,2.67869e-27,2.74868e-27,2.78817e-27,2.85869e-27,2.89743e-27,2.96805e-27,3.00554e-27,3.07681e-27,3.1136e-27,3.18476e-27,3.2214e-27,3.29294e-27,3.32871e-27,3.40114e-27,3.43667e-27,3.50942e-27,3.54433e-27,3.61686e-27,3.65179e-27,3.72467e-27,3.75913e-27,3.83191e-27,3.86544e-27,3.93867e-27,3.97183e-27,4.04475e-27,4.07811e-27,4.1512e-27,4.18409e-27,4.25785e-27,4.29089e-27,4.36476e-27,4.39759e-27,4.47098e-27,4.5041e-27,4.57873e-27,4.61184e-27,4.68503e-27,4.71775e-27,4.79098e-27,4.82455e-27,4.89925e-27,4.9333e-27,5.00681e-27,5.04099e-27,5.11489e-27,5.15086e-27,5.22474e-27,5.25993e-27,5.33337e-27,5.36944e-27,5.44403e-27,5.48065e-27,5.55375e-27,5.59058e-27,5.66379e-27,5.70249e-27,5.7754e-27,5.81339e-27,5.88557e-27,5.92439e-27,5.99702e-27,6.03821e-27,6.11087e-27,6.15184e-27,6.22415e-27,6.26655e-27,6.3401e-27,6.38358e-27,6.45575e-27,6.49994e-27,6.57222e-27,6.61834e-27,6.69223e-27,6.73988e-27,6.81277e-27,6.86159e-27,6.93508e-27,6.9867e-27,7.06041e-27,7.11224e-27,7.18578e-27,7.23946e-27,7.31445e-27,7.3696e-27,7.44345e-27,7.49971e-27,7.57405e-27,7.63308e-27,7.70757e-27,7.76681e-27,7.84112e-27,7.90217e-27,7.97762e-27,8.04214e-27,8.11851e-27,8.18411e-27,8.26129e-27,8.32989e-27,8.40986e-27,8.48156e-27,8.56241e-27,8.63791e-27,8.7231e-27,8.80736e-27,8.90603e-27,9.0151e-27,9.16293e-27,9.39525e-27,9.8809e-27,1.11703e-26,1.53105e-26,3.03222e-26
0,6.16736e-29,1.24035e-28,1.8501e-28,2.48049e-28,3.08313e-28,3.72019e-28,4.3156e-28,4.95924e-28,5.54731e-28,6.19744e-28,6.77806e-28,7.43528e-28,8.00898e-28,8.67186e-28,9.23717e-28,9.90696e-28,1.04651e-27,1.11404e-27,1.16899e-27,1.2372e-27,1.29141e-27,1.36016e-27,1.41363e-27,1.48318e-27,1.53589e-27,1.60595e-27,1.65763e-27,1.7282e-27,1.7791e-27,1.85019e-27,1.90031e-27,1.97217e-27,2.02151e-27,2.09385e-27,2.14214e-27,2.21496e-27,2.26246e-27,2.33575e-27,2.38249e-27,2.4565e-27,2.50248e-27,2.57721e-27,2.62244e-27,2.69761e-27,2.74238e-27,2.81823e-27,2.86227e-27,2.93852e-27,2.98158e-27,3.05847e-27,3.10084e-27,3.17808e-27,3.21951e-27,3.2968e-27,3.33758e-27,3.41517e-27,3.45509e-27,3.53323e-27,3.57259e-27,3.651e-27,3.69011e-27,3.76903e-27,3.80766e-27,3.88678e-27,3.92472e-27,4.00428e-27,4.04182e-27,4.12152e-27,4.15845e-27,4.23799e-27,4.27463e-27,4.35425e-27,4.3904e-27,4.47034e-27,4.50634e-27,4.58632e-27,4.6225e-27,4.70275e-27,4.7389e-27,4.81913e-27,4.85506e-27,4.93551e-27,4.97207e-27,5.05244e-27,5.08836e-27,5.16835e-27,5.20453e-27,5.28495e-27,5.32227e-27,5.40284e-27,5.44003e-27,5.52045e-27,5.5584e-27,5.63947e-27,5.67796e-27,5.75833e-27,5.79717e-27,5.87763e-27,5.91771e-27,5.99798e-27,6.03802e-27,6.11784e-27,6.15872e-27,6.23888e-27,6.28041e-27,6.35959e-27,6.40157e-27,6.4806e-27,6.52394e-27,6.60366e-27,6.64815e-27,6.72724e-27,6.77269e-27,6.85196e-27,6.89925e-27,6.97846e-27,7.0263e-27,7.10521e-27,7.15449e-27,7.23396e-27,7.28554e-27,7.36533e-27,7.41794e-27,7.4978e-27,7.55229e-27,7.63304e-27,7.68918e-27,7.7695e-27,7.82705e-27,7.90778e-27,7.96757e-27,8.04846e-27,8.1092e-27,8.19e-27,8.25254e-27,8.33411e-27,8.39824e-27,8.47933e-27,8.5449e-27,8.62644e-27,8.69444e-27,8.77745e-27,8.84782e-27,8.93121e-27,9.00395e-27,9.08879e-27,9.16495e-27,9.25118e-27,9.32956e-27,9.41694e-27,9.49829e-27,9.58754e-27,9.67249e-27,9.76271e-27,9.84694e-27,9.92572e-27,9.96921e-27,9.92238e-27,9.66386e-27,9.09437e-27
0,6.71802e-29,1.33609e-28,2.01529e-28,2.67194e-28,3.35842e-28,4.00731e-28,4.70098e-28,5.34197e-28,6.04275e-28,6.6758e-28,7.38387e-28,8.00898e-28,8.72395e-28,9.34086e-28,1.00627e-27,1.06711e-27,1.13997e-27,1.19996e-27,1.27349e-27,1.33261e-27,1.40681e-27,1.46512e-27,1.54004e-27,1.59751e-27,1.67311e-27,1.72965e-27,1.80583e-27,1.8614e-27,1.93815e-27,1.99286e-27,2.07029e-27,2.12413e-27,2.20221e-27,2.25509e-27,2.33372e-27,2.38561e-27,2.46478e-27,2.51582e-27,2.59562e-27,2.64584e-27,2.72638e-27,2.7758e-27,2.857e-27,2.90572e-27,2.98755e-27,3.03556e-27,3.11796e-27,3.16512e-27,3.24807e-27,3.29434e-27,3.37775e-27,3.42314e-27,3.50684e-27,3.55136e-27,3.6353e-27,3.679e-27,3.76337e-27,3.80632e-27,3.89113e-27,3.93361e-27,4.01885e-27,4.06086e-27,4.14649e-27,4.18793e-27,4.27389e-27,4.31476e-27,4.40096e-27,4.44129e-27,4.52755e-27,4.56737e-27,4.65363e-27,4.69304e-27,4.77948e-27,4.81857e-27,4.90521e-27,4.94427e-27,5.03109e-27,5.07016e-27,5.15712e-27,5.19613e-27,5.28322e-27,5.32237e-27,5.40946e-27,5.44862e-27,5.53556e-27,5.57469e-27,5.66167e-27,5.70137e-27,5.78855e-27,5.8288e-27,5.91607e-27,5.95679e-27,6.04419e-27,6.08552e-27,6.17289e-27,6.2148e-27,6.30197e-27,6.34461e-27,6.43163e-27,6.47491e-27,6.56168e-27,6.60553e-27,6.69211e-27,6.73667e-27,6.82292e-27,6.86818e-27,6.95399e-27,7.00024e-27,7.08615e-27,7.13366e-27,7.21959e-27,7.26834e-27,7.35417e-27,7.40429e-27,7.4901e-27,7.54153e-27,7.62725e-27,7.67993e-27,7.7658e-27,7.82034e-27,7.90657e-27,7.96292e-27,8.04945e-27,8.10751e-27,8.19444e-27,8.25431e-27,8.34149e-27,8.40311e-27,8.49041e-27,8.55388e-27,8.64138e-27,8.70656e-27,8.79417e-27,8.86096e-27,8.94878e-27,9.01727e-27,9.1052e-27,9.17539e-27,9.26342e-27,9.33562e-27,9.42445e-27,9.49905e-27,9.58877e-27,9.66594e-27,9.75666e-27,9.83668e-27,9.92859e-27,1.00112e-26,1.01038e-26,1.01879e-26,1.02792e-26,1.03612e-26,1.04438e-26,1.05078e-26,1.0544e-26,1.04863e-26,1.0153e-26,8.88325e-27,4.32982e-27,-1.21335e-26
0,7.19299e-29,1.44663e-28,2.15777e-28,2.89302e-28,3.59585e-28,4.3389e-28,5.03329e-28,5.78403e-28,6.46985e-28,7.22817e-28,7.90529e-28,8.67186e-28,9.34086e-28,1.01141e-27,1.07733e-27,1.15546e-27,1.22054e-27,1.29932e-27,1.3634e-27,1.44296e-27,1.50618e-27,1.58638e-27,1.64872e-27,1.72984e-27,1.7913e-27,1.87303e-27,1.93328e-27,2.01562e-27,2.07497e-27,2.1579e-27,2.21633e-27,2.30015e-27,2.35768e-27,2.44207e-27,2.49837e-27,2.58332e-27,2.63872e-27,2.72422e-27,2.77871e-27,2.86506e-27,2.91866e-27,3.00584e-27,3.05857e-27,3.14627e-27,3.19844e-27,3.28693e-27,3.33825e-27,3.42721e-27,3.4774e-27,3.56709e-27,3.61647e-27,3.70657e-27,3.75486e-27,3.84504e-27,3.89258e-27,3.98312e-27,4.02965e-27,4.12082e-27,4.1667e-27,4.25818e-27,4.30375e-27,4.39582e-27,4.44083e-27,4.53314e-27,4.57734e-27,4.67016e-27,4.71389e-27,4.80688e-27,4.84991e-27,4.94272e-27,4.98541e-27,5.07832e-27,5.12045e-27,5.21372e-27,5.25567e-27,5.34898e-27,5.39112e-27,5.48475e-27,5.52686e-27,5.62047e-27,5.66232e-27,5.75617e-27,5.79874e-27,5.8925e-27,5.93437e-27,6.02771e-27,6.06987e-27,6.1637e-27,6.20715e-27,6.30113e-27,6.34446e-27,6.43828e-27,6.48247e-27,6.57702e-27,6.62184e-27,6.71559e-27,6.76084e-27,6.85468e-27,6.90134e-27,6.99496e-27,7.0416e-27,7.13471e-27,7.18232e-27,7.27581e-27,7.32418e-27,7.41656e-27,7.46548e-27,7.55768e-27,7.60817e-27,7.70113e-27,7.75296e-27,7.84521e-27,7.89817e-27,7.99063e-27,8.04572e-27,8.13812e-27,8.19389e-27,8.28597e-27,8.34342e-27,8.43613e-27,8.49626e-27,8.58934e-27,8.65069e-27,8.74386e-27,8.8074e-27,8.9016e-27,8.96706e-27,9.06078e-27,9.12789e-27,9.22207e-27,9.29176e-27,9.38609e-27,9.45688e-27,9.55108e-27,9.6239e-27,9.71889e-27,9.79349e-27,9.88785e-27,9.96401e-27,1.00588e-26,1.01376e-26,1.02338e-26,1.03152e-26,1.04117e-26,1.04957e-26,1.05936e-26,1.06811e-26,1.078e-26,1.08689e-26,1.09666e-26,1.10543e-26,1.11457e-26,1.12225e-26,1.12898e-26,1.13265e-26,1.13278e-26,1.12673e-26,1.1131e-26,1.09039e-26,1.06101e-26
0,7.74833e-29,1.54098e-28,2.32436e-28,3.08169e-28,3.87349e-28,4.62184e-28,5.42195e-28,6.16117e-28,6.96945e-28,7.69933e-28,8.51541e-28,9.23717e-28,1.00627e-27,1.07733e-27,1.16052e-27,1.23076e-27,1.31488e-27,1.38398e-27,1.46871e-27,1.53696e-27,1.6226e-27,1.68962e-27,1.7761e-27,1.8425e-27,1.92983e-27,1.99508e-27,2.08274e-27,2.14684e-27,2.23543e-27,2.29828e-27,2.38767e-27,2.44987e-27,2.54007e-27,2.6011e-27,2.69158e-27,2.75145e-27,2.84282e-27,2.90143e-27,2.99354e-27,3.05149e-27,3.14425e-27,3.20154e-27,3.295e-27,3.35094e-27,3.44568e-27,3.50093e-27,3.59635e-27,3.65048e-27,3.74596e-27,3.79963e-27,3.89579e-27,3.94844e-27,4.04479e-27,4.09587e-27,4.19302e-27,4.24315e-27,4.34026e-27,4.39007e-27,4.4877e-27,4.53642e-27,4.63511e-27,4.68344e-27,4.78258e-27,4.8301e-27,4.92906e-27,4.97649e-27,5.07587e-27,5.12267e-27,5.22198e-27,5.26763e-27,5.36746e-27,5.41263e-27,5.51214e-27,5.55747e-27,5.65721e-27,5.70198e-27,5.8025e-27,5.84742e-27,5.94808e-27,5.99277e-27,6.09292e-27,6.13794e-27,6.23946e-27,6.28448e-27,6.38442e-27,6.42905e-27,6.52902e-27,6.57466e-27,6.67628e-27,6.72256e-27,6.82288e-27,6.86941e-27,6.97016e-27,7.0188e-27,7.11951e-27,7.16741e-27,7.26761e-27,7.31662e-27,7.41805e-27,7.46781e-27,7.56754e-27,7.61768e-27,7.71747e-27,7.76983e-27,7.86923e-27,7.92099e-27,8.01952e-27,8.07241e-27,8.17143e-27,8.22719e-27,8.32623e-27,8.38203e-27,8.48066e-27,8.53833e-27,8.63835e-27,8.69753e-27,8.79604e-27,8.85632e-27,8.955e-27,9.01779e-27,9.11832e-27,9.18321e-27,9.28269e-27,9.34928e-27,9.4495e-27,9.5196e-27,9.62012e-27,9.69083e-27,9.79121e-27,9.86433e-27,9.96632e-27,1.00414e-26,1.01421e-26,1.02187e-26,1.03198e-26,1.03997e-26,1.05008e-26,1.05811e-26,1.06819e-26,1.07644e-26,1.08662e-26,1.09527e-26,1.10553e-26,1.11432e-26,1.12466e-26,1.13379e-26,1.14441e-26,1.15384e-26,1.16438e-26,1.1739e-26,1.18417e-26,1.19323e-26,1.20226e-26,1.20922e-26,1.21535e-26,1.22252e-26,1.24633e-26,1.34662e-26,1.75464e-26,3.33537e-26
0,8.21739e-29,1.65267e-28,2.46507e-28,3.30506e-28,4.10796e-28,4.95687e-28,5.75011e-28,6.60783e-28,7.39126e-28,8.25766e-28,9.03112e-28,9.90696e-28,1.06711e-27,1.15546e-27,1.23076e-27,1.32003e-27,1.39437e-27,1.48437e-27,1.55757e-27,1.64848e-27,1.72068e-27,1.81232e-27,1.88352e-27,1.97621e-27,2.0464e-27,2.1398e-27,2.20861e-27,2.30269e-27,2.37047e-27,2.46524e-27,2.53197e-27,2.62775e-27,2.69344e-27,2.78988e-27,2.85417e-27,2.95125e-27,3.0145e-27,3.11221e-27,3.17443e-27,3.27311e-27,3.33431e-27,3.43394e-27,3.49415e-27,3.59437e-27,3.65393e-27,3.75506e-27,3.81365e-27,3.91532e-27,3.97261e-27,4.07512e-27,4.13149e-27,4.23446e-27,4.28959e-27,4.39265e-27,4.44691e-27,4.55038e-27,4.60349e-27,4.70769e-27,4.76005e-27,4.86461e-27,4.91662e-27,5.02184e-27,5.07321e-27,5.17871e-27,5.22916e-27,5.33524e-27,5.38515e-27,5.49142e-27,5.54052e-27,5.64659e-27,5.69531e-27,5.80149e-27,5.84956e-27,5.95616e-27,6.00402e-27,6.11067e-27,6.15875e-27,6.26576e-27,6.3138e-27,6.42078e-27,6.46852e-27,6.57578e-27,6.62435e-27,6.7315e-27,6.77926e-27,6.88593e-27,6.93402e-27,7.04124e-27,7.09081e-27,7.19821e-27,7.24763e-27,7.35485e-27,7.40525e-27,7.51329e-27,7.56442e-27,7.67155e-27,7.72316e-27,7.83039e-27,7.88361e-27,7.99058e-27,8.04378e-27,8.15015e-27,8.20447e-27,8.31128e-27,8.36645e-27,8.47199e-27,8.5278e-27,8.63314e-27,8.69073e-27,8.79694e-27,8.85608e-27,8.96146e-27,9.0219e-27,9.12753e-27,9.19039e-27,9.29596e-27,9.35962e-27,9.46483e-27,9.53043e-27,9.63637e-27,9.70502e-27,9.8114e-27,9.88147e-27,9.98797e-27,1.00606e-26,1.01682e-26,1.0243e-26,1.03502e-26,1.04269e-26,1.05345e-26,1.06141e-26,1.07219e-26,1.08028e-26,1.09104e-26,1.09935e-26,1.11019e-26,1.11869e-26,1.12944e-26,1.13811e-26,1.14889e-26,1.15783e-26,1.16876e-26,1.17797e-26,1.18891e-26,1.19841e-26,1.20952e-26,1.21947e-26,1.23076e-26,1.24099e-26,1.25235e-26,1.26271e-26,1.27365e-26,1.28308e-26,1.29146e-26,1.29623e-26,1.29655e-26,1.28921e-26,1.27274e-26,1.24608e-26,1.21258e-26
0,8.77842e-29,1.74583e-28,2.63337e-28,3.49134e-28,4.38844e-28,5.23623e-28,6.14275e-28,6.9802e-28,7.89604e-28,8.72304e-28,9.64835e-28,1.04651e-27,1.13997e-27,1.22054e-27,1.31488e-27,1.39437e-27,1.4896e-27,1.56795e-27,1.66405e-27,1.74128e-27,1.83827e-27,1.9144e-27,2.01234e-27,2.08742e-27,2.18626e-27,2.2601e-27,2.35966e-27,2.43223e-27,2.53258e-27,2.60398e-27,2.70522e-27,2.77553e-27,2.87763e-27,2.94667e-27,3.04944e-27,3.1172e-27,3.2207e-27,3.2873e-27,3.39165e-27,3.45721e-27,3.56249e-27,3.62704e-27,3.73318e-27,3.79674e-27,3.90378e-27,3.96642e-27,4.07423e-27,4.13573e-27,4.24416e-27,4.30458e-27,4.41365e-27,4.47292e-27,4.58234e-27,4.64038e-27,4.75019e-27,4.80716e-27,4.91746e-27,4.97353e-27,5.08441e-27,5.13977e-27,5.2513e-27,5.30608e-27,5.41811e-27,5.47211e-27,5.5845e-27,5.63783e-27,5.75056e-27,5.80318e-27,5.91596e-27,5.96785e-27,6.08069e-27,6.13203e-27,6.24504e-27,6.29603e-27,6.4093e-27,6.46018e-27,6.57376e-27,6.62467e-27,6.73843e-27,6.78924e-27,6.90308e-27,6.95409e-27,7.0681e-27,7.11912e-27,7.23275e-27,7.28367e-27,7.39733e-27,7.44905e-27,7.56318e-27,7.6156e-27,7.72965e-27,7.78265e-27,7.8969e-27,7.95089e-27,8.06509e-27,8.11964e-27,8.23354e-27,8.28907e-27,8.40296e-27,8.45933e-27,8.57269e-27,8.62976e-27,8.7429e-27,8.8011e-27,8.91379e-27,8.97271e-27,9.08478e-27,9.14498e-27,9.25724e-27,9.31929e-27,9.43158e-27,9.49506e-27,9.60717e-27,9.67251e-27,9.7848e-27,9.85185e-27,9.96384e-27,1.00325e-26,1.01447e-26,1.02159e-26,1.03288e-26,1.04023e-26,1.05155e-26,1.05912e-26,1.07049e-26,1.07833e-26,1.08974e-26,1.09779e-26,1.10921e-26,1.1175e-26,1.12896e-26,1.13748e-26,1.14893e-26,1.15764e-26,1.1691e-26,1.17803e-26,1.18949e-26,1.19859e-26,1.21002e-26,1.21934e-26,1.23082e-26,1.24043e-26,1.25198e-26,1.26187e-26,1.27352e-26,1.28379e-26,1.29567e-26,1.30642e-26,1.31862e-26,1.32993e-26,1.34248e-26,1.35417e-26,1.36628e-26,1.37618e-26,1.38259e-26,1.37756e-26,1.34188e-26,1.20867e-26,7.44548e-27,-9.10203e-27
0,9.24039e-29,1.85844e-28,2.77195e-28,3.71655e-28,4.61936e-28,5.57401e-28,6.46594e-28,7.4305e-28,8.31138e-28,9.28573e-28,1.01554e-27,1.11404e-27,1.19996e-27,1.29932e-27,1.38398e-27,1.48437e-27,1.56795e-27,1.66918e-27,1.75146e-27,1.85371e-27,1.93488e-27,2.03794e-27,2.11799e-27,2.22226e-27,2.30116e-27,2.40621e-27,2.48357e-27,2.58939e-27,2.66557e-27,2.77216e-27,2.84717e-27,2.95491e-27,3.02875e-27,3.13723e-27,3.20949e-27,3.31868e-27,3.38976e-27,3.49966e-27,3.56958e-27,3.68058e-27,3.74936e-27,3.86143e-27,3.92909e-27,4.04183e-27,4.10877e-27,4.22254e-27,4.28839e-27,4.40276e-27,4.46715e-27,4.58248e-27,4.64582e-27,4.76167e-27,4.8236e-27,4.93953e-27,5.00049e-27,5.11688e-27,5.17653e-27,5.29374e-27,5.35256e-27,5.47018e-27,5.52861e-27,5.64699e-27,5.7047e-27,5.8234e-27,5.88006e-27,5.99941e-27,6.05548e-27,6.17504e-27,6.23019e-27,6.34951e-27,6.40421e-27,6.52365e-27,6.57762e-27,6.69754e-27,6.75127e-27,6.87125e-27,6.92524e-27,7.04563e-27,7.09958e-27,7.21993e-27,7.27354e-27,7.39421e-27,7.44875e-27,7.56928e-27,7.62288e-27,7.74286e-27,7.79683e-27,7.91743e-27,7.97309e-27,8.0939e-27,8.14939e-27,8.26998e-27,8.32658e-27,8.44811e-27,8.50553e-27,8.62602e-27,8.68396e-27,8.80457e-27,8.86433e-27,8.98465e-27,9.04437e-27,9.164e-27,9.22497e-27,9.34509e-27,9.40703e-27,9.52569e-27,9.58832e-27,9.70675e-27,9.7714e-27,9.89084e-27,9.95724e-27,1.00758e-26,1.01436e-26,1.02624e-26,1.0333e-26,1.04517e-26,1.05232e-26,1.06415e-26,1.07152e-26,1.08344e-26,1.09115e-26,1.10312e-26,1.111e-26,1.12298e-26,1.13114e-26,1.14326e-26,1.15168e-26,1.16374e-26,1.17237e-26,1.18449e-26,1.19345e-26,1.20558e-26,1.21468e-26,1.22678e-26,1.23613e-26,1.24831e-26,1.25786e-26,1.26992e-26,1.27962e-26,1.29169e-26,1.30167e-26,1.31387e-26,1.32412e-26,1.3363e-26,1.34685e-26,1.35923e-26,1.37034e-26,1.38308e-26,1.39484e-26,1.40826e-26,1.42119e-26,1.43581e-26,1.45024e-26,1.46559e-26,1.4793e-26,1.48996e-26,1.4914e-26,1.47594e-26,1.43342e-26,1.36416e-26
0,9.80599e-29,1.95017e-28,2.94163e-28,3.89998e-28,4.90213e-28,5.84909e-28,6.86177e-28,7.79713e-28,8.82019e-28,9.74371e-28,1.07768e-27,1.16899e-27,1.27349e-27,1.3634e-27,1.46871e-27,1.55757e-27,1.66405e-27,1.75146e-27,1.85874e-27,1.94506e-27,2.05347e-27,2.13826e-27,2.24775e-27,2.33173e-27,2.44231e-27,2.52483e-27,2.63584e-27,2.7169e-27,2.82905e-27,2.90855e-27,3.02173e-27,3.10038e-27,3.2146e-27,3.29175e-27,3.40636e-27,3.48203e-27,3.59771e-27,3.67181e-27,3.78844e-27,3.86168e-27,3.97917e-27,4.05154e-27,4.16992e-27,4.24066e-27,4.36063e-27,4.43049e-27,4.55132e-27,4.61975e-27,4.74072e-27,4.80852e-27,4.93034e-27,4.99683e-27,5.11889e-27,5.18343e-27,5.30643e-27,5.36975e-27,5.49276e-27,5.55561e-27,5.67928e-27,5.74084e-27,5.86583e-27,5.92688e-27,6.05244e-27,6.11249e-27,6.23787e-27,6.29774e-27,6.42365e-27,6.48271e-27,6.60852e-27,6.66616e-27,6.79256e-27,6.84957e-27,6.97562e-27,7.03279e-27,7.15912e-27,7.21565e-27,7.34293e-27,7.39964e-27,7.52711e-27,7.58354e-27,7.71042e-27,7.76726e-27,7.89574e-27,7.95255e-27,8.07911e-27,8.13541e-27,8.26201e-27,8.3196e-27,8.44818e-27,8.50657e-27,8.63364e-27,8.69238e-27,8.81998e-27,8.88125e-27,9.00879e-27,9.06926e-27,9.19615e-27,9.25801e-27,9.38632e-27,9.44912e-27,9.57539e-27,9.63867e-27,9.76499e-27,9.83095e-27,9.95674e-27,1.0022e-26,1.01467e-26,1.02134e-26,1.03387e-26,1.0409e-26,1.05344e-26,1.06048e-26,1.07297e-26,1.08025e-26,1.0929e-26,1.10037e-26,1.11284e-26,1.12045e-26,1.13295e-26,1.14088e-26,1.1536e-26,1.16181e-26,1.17442e-26,1.18285e-26,1.19555e-26,1.20442e-26,1.21716e-26,1.22613e-26,1.23886e-26,1.24813e-26,1.26105e-26,1.27057e-26,1.28334e-26,1.29304e-26,1.30584e-26,1.31593e-26,1.32871e-26,1.33881e-26,1.35149e-26,1.36181e-26,1.37456e-26,1.38529e-26,1.39806e-26,1.4089e-26,1.42169e-26,1.43296e-26,1.44618e-26,1.4581e-26,1.47182e-26,1.48495e-26,1.50026e-26,1.51602e-26,1.5348e-26,1.55534e-26,1.58023e-26,1.6108e-26,1.65857e-26,1.76981e-26,2.14929e-26,3.63851e-26
0,1.02619e-28,2.0639e-28,3.07837e-28,4.12743e-28,5.13e-28,6.19024e-28,7.18069e-28,8.25194e-28,9.23007e-28,1.03122e-27,1.12779e-27,1.2372e-27,1.33261e-27,1.44296e-27,1.53696e-27,1.64848e-27,1.74128e-27,1.85371e-27,1.94506e-27,2.05862e-27,2.14874e-27,2.26321e-27,2.35209e-27,2.46794e-27,2.55556e-27,2.67226e-27,2.75812e-27,2.87565e-27,2.96021e-27,3.0786e-27,3.16187e-27,3.28159e-27,3.36358e-27,3.48409e-27,3.56428e-27,3.68556e-27,3.76444e-27,3.8865e-27,3.96409e-27,4.08739e-27,4.16372e-27,4.28824e-27,4.36331e-27,4.48856e-27,4.56288e-27,4.6893e-27,4.76242e-27,4.88948e-27,4.96093e-27,5.08909e-27,5.1594e-27,5.28813e-27,5.35684e-27,5.48562e-27,5.55324e-27,5.68251e-27,5.74866e-27,5.87888e-27,5.9441e-27,6.07476e-27,6.13961e-27,6.27117e-27,6.33522e-27,6.4671e-27,6.52995e-27,6.66259e-27,6.72481e-27,6.85767e-27,6.91882e-27,7.05137e-27,7.11203e-27,7.24469e-27,7.30451e-27,7.43773e-27,7.49729e-27,7.63057e-27,7.69047e-27,7.82424e-27,7.88409e-27,8.01778e-27,8.07721e-27,8.2113e-27,8.27187e-27,8.40579e-27,8.46515e-27,8.59832e-27,8.65808e-27,8.79206e-27,8.85385e-27,8.98808e-27,9.04956e-27,9.18349e-27,9.24626e-27,9.38135e-27,9.44504e-27,9.57883e-27,9.64303e-27,9.77702e-27,9.84337e-27,9.97702e-27,1.00432e-26,1.0176e-26,1.02436e-26,1.03771e-26,1.04458e-26,1.05775e-26,1.06468e-26,1.07782e-26,1.08499e-26,1.09826e-26,1.10563e-26,1.11878e-26,1.1263e-26,1.1395e-26,1.14734e-26,1.16052e-26,1.16844e-26,1.18157e-26,1.18974e-26,1.20298e-26,1.21155e-26,1.22485e-26,1.23359e-26,1.2469e-26,1.25597e-26,1.26945e-26,1.27881e-26,1.29221e-26,1.30181e-26,1.31529e-26,1.32526e-26,1.33876e-26,1.34887e-26,1.36234e-26,1.37272e-26,1.38628e-26,1.39687e-26,1.41026e-26,1.42099e-26,1.43433e-26,1.44534e-26,1.45878e-26,1.47002e-26,1.48333e-26,1.49479e-26,1.50824e-26,1.52026e-26,1.5341e-26,1.54695e-26,1.56194e-26,1.57705e-26,1.59537e-26,1.616e-26,1.64221e-26,1.67447e-26,1.71561e-26,1.7619e-26,1.79589e-26,1.75526e-26,1.51573e-26
