0,0,0,0,0,0,0,0,0,0,0,0,0,0,0,0,0,0,0,0,0,0,0,0,0,0,0,0,0,0,0,0,0,0,0,0,0,0,0,0,0,0,0,0,0,0,0,0,0,0,0,0,0,0,0,0,0,0,0,0,0,0,0,0,0,0,0,0,0,0,0,0,0,0,0,0,0,0,0,0,0,0,0,0,0,0,0,0,0,0,0,0,0,0,0,0,0,0,0,0,0,0,0,0,0,0,0,0,0,0,0,0,0,0,0,0,0,0,0,0,0,0,0,0,0,0,0,0,0,0,0,0,0,0,0,0,0,0,0,0,0,0,0,0,0,0,0,0,0,0,0,0,0,0,0,0,0,0,0,0,0
0,4.51254e-30,9.00752e-30,1.35377e-29,1.80153e-29,2.25632e-29,2.70235e-29,3.15892e-29,3.60324e-29,4.06159e-29,4.50423e-29,4.96437e-29,5.40588e-29,5.86835e-29,6.30769e-29,6.7714e-29,7.20968e-29,7.6757e-29,8.11189e-29,8.57915e-29,9.01436e-29,9.48393e-29,9.91714e-29,1.0389e-28,1.08224e-28,1.12966e-28,1.17281e-28,1.22024e-28,1.2632e-28,1.31085e-28,1.35364e-28,1.40152e-28,1.44434e-28,1.49245e-28,1.53511e-28,1.58323e-28,1.62574e-28,1.67408e-28,1.71644e-28,1.76502e-28,1.80746e-28,1.85627e-28,1.89881e-28,1.94785e-28,1.99027e-28,2.03976e-28,2.0823e-28,2.13202e-28,2.17446e-28,2.2242e-28,2.26677e-28,2.31673e-28,2.35923e-28,2.4092e-28,2.45142e-28,2.50162e-28,2.54379e-28,2.59401e-28,2.63636e-28,2.68682e-28,2.72917e-28,2.78008e-28,2.82265e-28,2.87382e-28,2.91641e-28,2.96761e-28,3.01045e-28,3.0619e-28,3.1048e-28,3.15629e-28,3.19904e-28,3.25079e-28,3.29363e-28,3.34544e-28,3.38862e-28,3.44071e-28,3.48404e-28,3.53664e-28,3.58034e-28,3.63325e-28,3.67715e-28,3.73015e-28,3.77448e-28,3.82824e-28,3.87281e-28,3.92626e-28,3.97088e-28,4.0247e-28,4.07005e-28,4.12488e-28,4.17078e-28,4.22557e-28,4.27183e-28,4.32724e-28,4.37454e-28,4.43038e-28,4.47767e-28,4.53372e-28,4.58167e-28,4.6386e-28,4.68703e-28,4.74379e-28,4.79251e-28,4.84976e-28,4.89946e-28,4.957e-28,5.00663e-28,5.06429e-28,5.11455e-28,5.17299e-28,5.22455e-28,5.2836e-28,5.33544e-28,5.3949e-28,5.4477e-28,5.50825e-28,5.56183e-28,5.62242e-28,5.67661e-28,5.73791e-28,5.7934e-28,5.85609e-28,5.91269e-28,5.97572e-28,6.03327e-28,6.0973e-28,6.15646e-28,6.22131e-28,6.28104e-28,6.34653e-28,6.40752e-28,6.47431e-28,6.53639e-28,6.60347e-28,6.66648e-28,6.73455e-28,6.79922e-28,6.86815e-28,6.93352e-28,7.0032e-28,7.07003e-28,7.14123e-28,7.21026e-28,7.28283e-28,7.353e-28,7.42659e-28,7.49821e-28,7.57278e-28,7.64437e-28,7.71668e-28,7.78451e-28,7.84971e-28,7.90618e-28,7.95308e-28,7.98193e-28,7.98922e-28,7.96721e-28,7.91331e-28,7.82589e-28,7.71049e-28,7.57864e-28
0,9.00752e-30,1.80503e-29,2.70228e-29,3.61009e-29,4.50387e-29,5.41523e-29,6.30558e-29,7.2205e-29,8.10746e-29,9.02595e-29,9.90956e-29,1.08327e-28,1.17141e-28,1.26397e-28,1.35168e-28,1.44471e-28,1.53221e-28,1.62548e-28,1.71257e-28,1.8063e-28,1.8932e-28,1.98718e-28,2.0739e-28,2.16855e-28,2.2551e-28,2.35e-28,2.43594e-28,2.53108e-28,2.61688e-28,2.71226e-28,2.79792e-28,2.89396e-28,2.9795e-28,3.07578e-28,3.16078e-28,3.2573e-28,3.34222e-28,3.43897e-28,3.52383e-28,3.62126e-28,3.70608e-28,3.80419e-28,3.88899e-28,3.98736e-28,4.07259e-28,4.17164e-28,4.25689e-28,4.35618e-28,4.44104e-28,4.541e-28,4.62591e-28,4.7261e-28,4.81066e-28,4.91066e-28,4.99532e-28,5.09556e-28,5.17993e-28,5.28086e-28,5.36541e-28,5.46661e-28,5.5518e-28,5.65371e-28,5.73914e-28,5.84134e-28,5.92661e-28,6.02952e-28,6.1151e-28,6.2183e-28,6.30378e-28,6.40686e-28,6.49271e-28,6.59611e-28,6.68196e-28,6.78612e-28,6.87245e-28,6.97698e-28,7.06427e-28,7.16961e-28,7.25747e-28,7.36322e-28,7.45128e-28,7.55788e-28,7.64746e-28,7.75451e-28,7.84352e-28,7.95062e-28,8.04042e-28,8.14889e-28,8.24083e-28,8.35028e-28,8.44227e-28,8.55231e-28,8.6457e-28,8.75763e-28,8.85205e-28,8.96377e-28,9.05884e-28,9.17166e-28,9.26873e-28,9.38225e-28,9.47923e-28,9.59306e-28,9.6913e-28,9.80678e-28,9.90593e-28,1.0021e-27,1.01207e-27,1.02366e-27,1.03382e-27,1.04564e-27,1.05596e-27,1.0678e-27,1.07824e-27,1.09023e-27,1.10093e-27,1.11303e-27,1.12379e-27,1.13596e-27,1.14691e-27,1.15929e-27,1.17057e-27,1.18312e-27,1.19452e-27,1.20721e-27,1.21886e-27,1.23182e-27,1.24369e-27,1.25671e-27,1.26876e-27,1.28197e-27,1.29435e-27,1.30772e-27,1.32021e-27,1.3337e-27,1.34645e-27,1.36021e-27,1.3732e-27,1.38704e-27,1.40023e-27,1.4143e-27,1.42787e-27,1.44231e-27,1.45622e-27,1.47084e-27,1.48503e-27,1.49989e-27,1.51439e-27,1.52923e-27,1.54342e-27,1.55755e-27,1.57055e-27,1.58254e-27,1.59217e-27,1.59877e-27,1.60063e-27,1.59682e-27,1.58597e-27,1.56804e-27,1.54372e-27,1.51573e-27
0,1.35377e-29,2.70228e-29,4.06134e-29,5.40462e-29,6.769e-29,8.1071e-29,9.47681e-29,1.08098e-28,1.21849e-28,1.35128e-28,1.48932e-28,1.62178e-28,1.76051e-28,1.89232e-28,2.03143e-28,2.16292e-28,2.30272e-28,2.43358e-28,2.57376e-28,2.70432e-28,2.84519e-28,2.97516e-28,3.11672e-28,3.24674e-28,3.38899e-28,3.51844e-28,3.66073e-28,3.78961e-28,3.93258e-28,4.06093e-28,4.20457e-28,4.33305e-28,4.47737e-28,4.60536e-28,4.74971e-28,4.87723e-28,5.02226e-28,5.14934e-28,5.29506e-28,5.42238e-28,5.5688e-28,5.69641e-28,5.84353e-28,5.97081e-28,6.11927e-28,6.24689e-28,6.39605e-28,6.52339e-28,6.67259e-28,6.80032e-28,6.95019e-28,7.07769e-28,7.22759e-28,7.35425e-28,7.50483e-28,7.63134e-28,7.78198e-28,7.90905e-28,8.06041e-28,8.18745e-28,8.34019e-28,8.4679e-28,8.62138e-28,8.74917e-28,8.90275e-28,9.03129e-28,9.18562e-28,9.31431e-28,9.46877e-28,9.59702e-28,9.75225e-28,9.88079e-28,1.00362e-27,1.01657e-27,1.0322e-27,1.04519e-27,1.06097e-27,1.07408e-27,1.08996e-27,1.10312e-27,1.11902e-27,1.13232e-27,1.14845e-27,1.16182e-27,1.17785e-27,1.19124e-27,1.20738e-27,1.22098e-27,1.23743e-27,1.2512e-27,1.26763e-27,1.28151e-27,1.29813e-27,1.31232e-27,1.32907e-27,1.34326e-27,1.36007e-27,1.37446e-27,1.39153e-27,1.40606e-27,1.42309e-27,1.4377e-27,1.45487e-27,1.46978e-27,1.48704e-27,1.50193e-27,1.51922e-27,1.5343e-27,1.55183e-27,1.56729e-27,1.58501e-27,1.60056e-27,1.61839e-27,1.63423e-27,1.65239e-27,1.66847e-27,1.68664e-27,1.70289e-27,1.72128e-27,1.73793e-27,1.75673e-27,1.77371e-27,1.79262e-27,1.80988e-27,1.82909e-27,1.84683e-27,1.86629e-27,1.8842e-27,1.90385e-27,1.92214e-27,1.94217e-27,1.96079e-27,1.98091e-27,1.99981e-27,2.02022e-27,2.03961e-27,2.06028e-27,2.07988e-27,2.10078e-27,2.12081e-27,2.14217e-27,2.16288e-27,2.18465e-27,2.20573e-27,2.22787e-27,2.24947e-27,2.27203e-27,2.29383e-27,2.31604e-27,2.33717e-27,2.35787e-27,2.37641e-27,2.39257e-27,2.4037e-27,2.40842e-27,2.40378e-27,2.38804e-27,2.35975e-27,2.32016e-27,2.27359e-27
0,1.80153e-29,3.61009e-29,5.40462e-29,7.22025e-29,9.00784e-29,1.08306e-28,1.26113e-28,1.44411e-28,1.62151e-28,1.80521e-28,1.98193e-28,2.16656e-28,2.34285e-28,2.52797e-28,2.70339e-28,2.88944e-28,3.06445e-28,3.25099e-28,3.42517e-28,3.61263e-28,3.78643e-28,3.97439e-28,4.14783e-28,4.33714e-28,4.51024e-28,4.70003e-28,4.87193e-28,5.0622e-28,5.2338e-28,5.42455e-28,5.59588e-28,5.78796e-28,5.95904e-28,6.15159e-28,6.3216e-28,6.51462e-28,6.68445e-28,6.87795e-28,7.04765e-28,7.24251e-28,7.41214e-28,7.60836e-28,7.77796e-28,7.97469e-28,8.14517e-28,8.34326e-28,8.51377e-28,8.71235e-28,8.88208e-28,9.08199e-28,9.25182e-28,9.45219e-28,9.62131e-28,9.82129e-28,9.9906e-28,1.01911e-27,1.03598e-27,1.05616e-27,1.07307e-27,1.09331e-27,1.11035e-27,1.13073e-27,1.14782e-27,1.16825e-27,1.18531e-27,1.20589e-27,1.22301e-27,1.24364e-27,1.26074e-27,1.28135e-27,1.29852e-27,1.3192e-27,1.33637e-27,1.35719e-27,1.37446e-27,1.39536e-27,1.41282e-27,1.43388e-27,1.45146e-27,1.4726e-27,1.49021e-27,1.51153e-27,1.52945e-27,1.55085e-27,1.56865e-27,1.59007e-27,1.60802e-27,1.62971e-27,1.6481e-27,1.66998e-27,1.68838e-27,1.71039e-27,1.72906e-27,1.75145e-27,1.77033e-27,1.79267e-27,1.81168e-27,1.83424e-27,1.85365e-27,1.87635e-27,1.89575e-27,1.91851e-27,1.93815e-27,1.96124e-27,1.98107e-27,2.00407e-27,2.02401e-27,2.04718e-27,2.06751e-27,2.09114e-27,2.11178e-27,2.13544e-27,2.15633e-27,2.18029e-27,2.2017e-27,2.22589e-27,2.2474e-27,2.27174e-27,2.29364e-27,2.31839e-27,2.34095e-27,2.36605e-27,2.38884e-27,2.41422e-27,2.43752e-27,2.46343e-27,2.48717e-27,2.5132e-27,2.5373e-27,2.56372e-27,2.58846e-27,2.61519e-27,2.64016e-27,2.66713e-27,2.69261e-27,2.72013e-27,2.74607e-27,2.77373e-27,2.8001e-27,2.82821e-27,2.85533e-27,2.88421e-27,2.91204e-27,2.94131e-27,2.96981e-27,2.99972e-27,3.02905e-27,3.05931e-27,3.08863e-27,3.11838e-27,3.14658e-27,3.17372e-27,3.19724e-27,3.21571e-27,3.22516e-27,3.22241e-27,3.20255e-27,3.16294e-27,3.10352e-27,3.03146e-27
0,2.25632e-29,4.50387e-29,6.769e-29,9.00784e-29,1.12818e-28,1.3512e-28,1.57949e-28,1.80166e-28,2.03083e-28,2.25216e-28,2.48223e-28,2.703e-28,2.93423e-28,3.15391e-28,3.38576e-28,3.60492e-28,3.83792e-28,4.05602e-28,4.28964e-28,4.50725e-28,4.74203e-28,4.95865e-28,5.19458e-28,5.4113e-28,5.64838e-28,5.86414e-28,6.10127e-28,6.3161e-28,6.55435e-28,6.76828e-28,7.00768e-28,7.22182e-28,7.46235e-28,7.67567e-28,7.91623e-28,8.12876e-28,8.37044e-28,8.58224e-28,8.82508e-28,9.03729e-28,9.2813e-28,9.49399e-28,9.73917e-28,9.95132e-28,1.01987e-27,1.04115e-27,1.06601e-27,1.08723e-27,1.1121e-27,1.13339e-27,1.15836e-27,1.17961e-27,1.20459e-27,1.2257e-27,1.2508e-27,1.27188e-27,1.29698e-27,1.31816e-27,1.34338e-27,1.36456e-27,1.39001e-27,1.4113e-27,1.43687e-27,1.45817e-27,1.48377e-27,1.50519e-27,1.53091e-27,1.55236e-27,1.5781e-27,1.59947e-27,1.62534e-27,1.64676e-27,1.67265e-27,1.69424e-27,1.72028e-27,1.74193e-27,1.76823e-27,1.79008e-27,1.81653e-27,1.83847e-27,1.86497e-27,1.88713e-27,1.914e-27,1.93628e-27,1.963e-27,1.9853e-27,2.01219e-27,2.03486e-27,2.06227e-27,2.08521e-27,2.1126e-27,2.13573e-27,2.16343e-27,2.18707e-27,2.21498e-27,2.23862e-27,2.26664e-27,2.29061e-27,2.31907e-27,2.34328e-27,2.37164e-27,2.396e-27,2.42461e-27,2.44945e-27,2.47821e-27,2.50301e-27,2.53182e-27,2.55694e-27,2.58615e-27,2.61192e-27,2.64143e-27,2.66734e-27,2.69706e-27,2.72345e-27,2.75371e-27,2.78049e-27,2.81077e-27,2.83786e-27,2.86849e-27,2.89623e-27,2.92756e-27,2.95586e-27,2.98736e-27,3.01612e-27,3.04813e-27,3.07771e-27,3.11012e-27,3.13998e-27,3.17271e-27,3.20319e-27,3.23656e-27,3.26758e-27,3.30109e-27,3.33257e-27,3.36656e-27,3.39886e-27,3.43327e-27,3.4659e-27,3.50068e-27,3.53403e-27,3.56958e-27,3.60407e-27,3.64037e-27,3.67555e-27,3.71257e-27,3.74882e-27,3.7869e-27,3.82406e-27,3.86244e-27,3.89987e-27,3.93781e-27,3.97382e-27,4.00795e-27,4.03597e-27,4.05493e-27,4.05779e-27,4.03748e-27,3.98565e-27,3.89972e-27,3.78932e-27
0,2.70235e-29,5.41523e-29,8.1071e-29,1.08306e-28,1.3512e-28,1.62461e-28,1.89173e-28,2.1662e-28,2.4323e-28,2.70785e-28,2.97295e-28,3.24989e-28,3.51433e-28,3.79201e-28,4.05516e-28,4.33423e-28,4.59675e-28,4.87655e-28,5.13782e-28,5.41901e-28,5.67972e-28,5.96165e-28,6.22183e-28,6.5058e-28,6.76547e-28,7.05015e-28,7.30802e-28,7.59339e-28,7.8508e-28,8.1369e-28,8.39391e-28,8.68202e-28,8.93867e-28,9.22747e-28,9.48249e-28,9.77197e-28,1.00267e-27,1.03169e-27,1.05715e-27,1.08637e-27,1.11182e-27,1.14125e-27,1.16669e-27,1.1962e-27,1.22177e-27,1.25148e-27,1.27706e-27,1.30685e-27,1.33231e-27,1.3623e-27,1.38777e-27,1.41783e-27,1.4432e-27,1.47319e-27,1.49858e-27,1.52864e-27,1.55395e-27,1.58422e-27,1.60958e-27,1.63993e-27,1.66549e-27,1.69606e-27,1.72169e-27,1.75235e-27,1.77793e-27,1.8088e-27,1.83447e-27,1.86542e-27,1.89107e-27,1.92198e-27,1.94773e-27,1.97873e-27,2.00448e-27,2.03572e-27,2.06161e-27,2.09296e-27,2.11914e-27,2.15073e-27,2.17709e-27,2.2088e-27,2.23521e-27,2.26718e-27,2.29405e-27,2.32615e-27,2.35285e-27,2.38495e-27,2.41188e-27,2.4444e-27,2.47198e-27,2.5048e-27,2.53239e-27,2.56539e-27,2.5934e-27,2.62697e-27,2.65529e-27,2.68879e-27,2.7173e-27,2.75113e-27,2.78025e-27,2.81429e-27,2.84337e-27,2.8775e-27,2.90696e-27,2.94159e-27,2.97132e-27,3.0058e-27,3.03569e-27,3.07044e-27,3.10092e-27,3.13634e-27,3.1673e-27,3.20278e-27,3.23411e-27,3.27003e-27,3.30214e-27,3.33841e-27,3.37067e-27,3.40716e-27,3.43999e-27,3.47711e-27,3.51094e-27,3.54858e-27,3.58277e-27,3.62082e-27,3.65577e-27,3.69463e-27,3.73023e-27,3.76926e-27,3.8054e-27,3.84501e-27,3.8821e-27,3.92217e-27,3.9596e-27,4.00003e-27,4.03822e-27,4.07944e-27,4.11831e-27,4.15973e-27,4.19922e-27,4.24132e-27,4.28193e-27,4.3252e-27,4.36692e-27,4.41085e-27,4.4537e-27,4.49883e-27,4.54335e-27,4.5897e-27,4.63537e-27,4.68279e-27,4.72966e-27,4.77755e-27,4.82356e-27,4.86641e-27,4.90008e-27,4.91731e-27,4.90375e-27,4.84278e-27,4.72027e-27,4.54719e-27
0,3.15892e-29,6.30558e-29,9.47681e-29,1.26113e-28,1.57949e-28,1.89173e-28,2.21133e-28,2.52237e-28,2.84321e-28,3.15309e-28,3.47518e-28,3.78428e-28,4.108e-28,4.41558e-28,4.74015e-28,5.04699e-28,5.37318e-28,5.67854e-28,6.00558e-28,6.31026e-28,6.63892e-28,6.94221e-28,7.27251e-28,7.57597e-28,7.90788e-28,8.20998e-28,8.54193e-28,8.84269e-28,9.17621e-28,9.47572e-28,9.81085e-28,1.01107e-27,1.04474e-27,1.07461e-27,1.10828e-27,1.13804e-27,1.17187e-27,1.20152e-27,1.23551e-27,1.26522e-27,1.29937e-27,1.32915e-27,1.36347e-27,1.39318e-27,1.42781e-27,1.4576e-27,1.4924e-27,1.52212e-27,1.55693e-27,1.58674e-27,1.62171e-27,1.65146e-27,1.68643e-27,1.71598e-27,1.7511e-27,1.78062e-27,1.81575e-27,1.84539e-27,1.88069e-27,1.91034e-27,1.94597e-27,1.97577e-27,2.01158e-27,2.0414e-27,2.07722e-27,2.10722e-27,2.14322e-27,2.17325e-27,2.20928e-27,2.2392e-27,2.2754e-27,2.30538e-27,2.34162e-27,2.37183e-27,2.40827e-27,2.43859e-27,2.47539e-27,2.50598e-27,2.543e-27,2.57372e-27,2.6108e-27,2.64183e-27,2.67944e-27,2.71063e-27,2.74801e-27,2.77922e-27,2.81685e-27,2.84858e-27,2.88694e-27,2.91906e-27,2.95738e-27,2.98976e-27,3.02852e-27,3.06163e-27,3.10068e-27,3.13378e-27,3.17298e-27,3.20654e-27,3.24637e-27,3.28026e-27,3.31995e-27,3.35404e-27,3.39408e-27,3.42885e-27,3.46909e-27,3.5038e-27,3.5441e-27,3.57924e-27,3.62011e-27,3.65619e-27,3.69748e-27,3.73375e-27,3.77533e-27,3.81227e-27,3.85462e-27,3.8921e-27,3.93446e-27,3.97237e-27,4.01523e-27,4.05405e-27,4.0979e-27,4.13751e-27,4.1816e-27,4.22186e-27,4.26666e-27,4.30806e-27,4.35343e-27,4.39521e-27,4.44101e-27,4.48367e-27,4.53037e-27,4.57377e-27,4.62065e-27,4.66467e-27,4.71221e-27,4.75736e-27,4.80547e-27,4.85106e-27,4.89965e-27,4.94624e-27,4.99591e-27,5.0441e-27,5.09484e-27,5.14405e-27,5.19591e-27,5.24686e-27,5.30062e-27,5.35355e-27,5.40897e-27,5.46439e-27,5.52272e-27,5.58188e-27,5.64381e-27,5.70488e-27,5.76291e-27,5.80708e-27,5.81845e-27,5.76101e-27,5.59171e-27,5.30505e-27
0,3.60324e-29,7.2205e-29,1.08098e-28,1.44411e-28,1.80166e-28,2.1662e-28,2.52237e-28,2.88833e-28,3.24315e-28,3.61053e-28,3.96402e-28,4.33328e-28,4.68591e-28,5.05614e-28,5.40702e-28,5.7791e-28,6.12916e-28,6.5022e-28,6.85057e-28,7.22545e-28,7.57308e-28,7.94895e-28,8.29591e-28,8.67456e-28,9.02087e-28,9.40043e-28,9.74426e-28,1.01247e-27,1.04679e-27,1.08493e-27,1.1192e-27,1.15762e-27,1.19185e-27,1.23035e-27,1.26435e-27,1.30294e-27,1.3369e-27,1.37559e-27,1.40953e-27,1.44848e-27,1.48241e-27,1.52165e-27,1.55557e-27,1.59491e-27,1.62902e-27,1.66863e-27,1.70275e-27,1.74246e-27,1.77642e-27,1.81639e-27,1.85037e-27,1.89044e-27,1.92426e-27,1.96424e-27,1.9981e-27,2.03816e-27,2.0719e-27,2.11224e-27,2.14606e-27,2.18652e-27,2.2206e-27,2.26135e-27,2.29554e-27,2.3364e-27,2.37051e-27,2.41166e-27,2.4459e-27,2.48716e-27,2.52135e-27,2.56255e-27,2.59688e-27,2.63819e-27,2.67252e-27,2.71415e-27,2.74867e-27,2.79044e-27,2.82535e-27,2.86746e-27,2.90261e-27,2.94487e-27,2.98009e-27,3.0227e-27,3.05854e-27,3.10132e-27,3.13689e-27,3.17966e-27,3.21555e-27,3.25889e-27,3.29566e-27,3.33941e-27,3.37618e-27,3.42015e-27,3.4575e-27,3.50225e-27,3.54001e-27,3.58465e-27,3.62266e-27,3.66775e-27,3.70657e-27,3.75194e-27,3.79071e-27,3.83618e-27,3.87546e-27,3.92161e-27,3.96123e-27,4.00716e-27,4.04698e-27,4.09327e-27,4.1339e-27,4.18112e-27,4.22239e-27,4.26966e-27,4.31141e-27,4.35929e-27,4.4021e-27,4.45043e-27,4.49342e-27,4.54202e-27,4.58577e-27,4.63525e-27,4.68034e-27,4.73052e-27,4.77608e-27,4.8268e-27,4.87339e-27,4.9252e-27,4.97266e-27,5.02467e-27,5.07284e-27,5.12562e-27,5.17507e-27,5.22845e-27,5.27831e-27,5.33215e-27,5.38301e-27,5.4379e-27,5.48963e-27,5.54473e-27,5.59724e-27,5.65321e-27,5.70721e-27,5.76475e-27,5.82023e-27,5.87865e-27,5.93569e-27,5.99587e-27,6.05547e-27,6.11786e-27,6.18002e-27,6.24579e-27,6.31312e-27,6.38588e-27,6.4632e-27,6.548e-27,6.6386e-27,6.73097e-27,6.8017e-27,6.79156e-27,6.58034e-27,6.06291e-27
0,4.06159e-29,8.10746e-29,1.21849e-28,1.62151e-28,2.03083e-28,2.4323e-28,2.84321e-28,3.24315e-28,3.65564e-28,4.05406e-28,4.46816e-28,4.86565e-28,5.28189e-28,5.67735e-28,6.09462e-28,6.48919e-28,6.90858e-28,7.30118e-28,7.72159e-28,8.11335e-28,8.53587e-28,8.92579e-28,9.35047e-28,9.74079e-28,1.01676e-27,1.05561e-27,1.09828e-27,1.13694e-27,1.17982e-27,1.21832e-27,1.26141e-27,1.29997e-27,1.34327e-27,1.38168e-27,1.42496e-27,1.46321e-27,1.50669e-27,1.54481e-27,1.5885e-27,1.6267e-27,1.6706e-27,1.7089e-27,1.75301e-27,1.7912e-27,1.83574e-27,1.87405e-27,1.9188e-27,1.95702e-27,2.00176e-27,2.0401e-27,2.08506e-27,2.12333e-27,2.16827e-27,2.20626e-27,2.2514e-27,2.28934e-27,2.33448e-27,2.37259e-27,2.41796e-27,2.45607e-27,2.50187e-27,2.54021e-27,2.58624e-27,2.62458e-27,2.67063e-27,2.70921e-27,2.75549e-27,2.79411e-27,2.84041e-27,2.87887e-27,2.92539e-27,2.96392e-27,3.01048e-27,3.04933e-27,3.09614e-27,3.13512e-27,3.18242e-27,3.22176e-27,3.26934e-27,3.30883e-27,3.35647e-27,3.39638e-27,3.44475e-27,3.48485e-27,3.53285e-27,3.57293e-27,3.62125e-27,3.66205e-27,3.71137e-27,3.75267e-27,3.8019e-27,3.8435e-27,3.89332e-27,3.93592e-27,3.98612e-27,4.02864e-27,4.079e-27,4.12214e-27,4.17336e-27,4.21693e-27,4.26792e-27,4.31171e-27,4.36317e-27,4.40789e-27,4.4596e-27,4.50417e-27,4.55591e-27,4.60105e-27,4.65356e-27,4.69996e-27,4.75303e-27,4.79962e-27,4.85303e-27,4.90052e-27,4.95498e-27,5.00316e-27,5.05756e-27,5.10623e-27,5.16128e-27,5.21117e-27,5.26757e-27,5.31849e-27,5.37513e-27,5.42686e-27,5.48445e-27,5.5377e-27,5.59602e-27,5.6497e-27,5.70854e-27,5.76336e-27,5.82341e-27,5.87917e-27,5.93936e-27,5.99588e-27,6.05692e-27,6.11491e-27,6.17663e-27,6.23508e-27,6.29734e-27,6.35703e-27,6.42067e-27,6.48244e-27,6.54743e-27,6.61041e-27,6.6768e-27,6.74206e-27,6.81104e-27,6.87909e-27,6.9507e-27,7.02314e-27,7.10105e-27,7.18364e-27,7.27707e-27,7.38378e-27,7.51419e-27,7.67577e-27,7.86721e-27,8.02259e-27,7.87557e-27,6.82078e-27
0,4.50423e-29,9.02595e-29,1.35128e-28,1.80521e-28,2.25216e-28,2.70785e-28,3.15309e-28,3.61053e-28,4.05406e-28,4.51324e-28,4.95508e-28,5.41677e-28,5.8577e-28,6.32038e-28,6.75892e-28,7.2241e-28,7.66182e-28,8.12798e-28,8.56337e-28,9.032e-28,9.46658e-28,9.93614e-28,1.037e-27,1.08435e-27,1.12767e-27,1.17511e-27,1.21807e-27,1.26562e-27,1.30852e-27,1.35616e-27,1.39901e-27,1.44705e-27,1.48987e-27,1.538e-27,1.58048e-27,1.6287e-27,1.67115e-27,1.71947e-27,1.76189e-27,1.81058e-27,1.85299e-27,1.90205e-27,1.94444e-27,1.99358e-27,2.03626e-27,2.08578e-27,2.12847e-27,2.17807e-27,2.2205e-27,2.2705e-27,2.31299e-27,2.36309e-27,2.40535e-27,2.45528e-27,2.49762e-27,2.54766e-27,2.5898e-27,2.64024e-27,2.68247e-27,2.73301e-27,2.77565e-27,2.82659e-27,2.86936e-27,2.92039e-27,2.96302e-27,3.01448e-27,3.05729e-27,3.10888e-27,3.1516e-27,3.20304e-27,3.24597e-27,3.29756e-27,3.34044e-27,3.39246e-27,3.43558e-27,3.48775e-27,3.53143e-27,3.58405e-27,3.62801e-27,3.68078e-27,3.72475e-27,3.77801e-27,3.82293e-27,3.87639e-27,3.92077e-27,3.97411e-27,4.01888e-27,4.07303e-27,4.11912e-27,4.17378e-27,4.21969e-27,4.27455e-27,4.32124e-27,4.37728e-27,4.42447e-27,4.48018e-27,4.52761e-27,4.58395e-27,4.63259e-27,4.68928e-27,4.73765e-27,4.7944e-27,4.84348e-27,4.90126e-27,4.95078e-27,5.00808e-27,5.05773e-27,5.11548e-27,5.16624e-27,5.22536e-27,5.27693e-27,5.33592e-27,5.38803e-27,5.44786e-27,5.50148e-27,5.56186e-27,5.6155e-27,5.67612e-27,5.73072e-27,5.79253e-27,5.84902e-27,5.91172e-27,5.9686e-27,6.0319e-27,6.09014e-27,6.155e-27,6.21432e-27,6.27923e-27,6.33936e-27,6.4053e-27,6.4672e-27,6.53388e-27,6.59608e-27,6.66323e-27,6.72671e-27,6.79533e-27,6.85985e-27,6.92847e-27,6.99381e-27,7.06346e-27,7.13068e-27,7.20242e-27,7.27142e-27,7.34397e-27,7.41473e-27,7.4894e-27,7.56336e-27,7.64057e-27,7.71729e-27,7.79848e-27,7.88197e-27,7.97369e-27,8.07545e-27,8.19792e-27,8.35732e-27,8.59243e-27,8.96844e-27,9.5566e-27,1.00784e-26,7.57864e-27
0,4.96437e-29,9.90956e-29,1.48932e-28,1.98193e-28,2.48223e-28,2.97295e-28,3.47518e-28,3.96402e-28,4.46816e-28,4.95508e-28,5.4609e-28,5.94716e-28,6.45626e-28,6.93928e-28,7.44888e-28,7.93156e-28,8.4445e-28,8.92403e-28,9.43744e-28,9.91667e-28,1.04333e-27,1.09089e-27,1.14281e-27,1.19058e-27,1.2428e-27,1.29032e-27,1.34235e-27,1.38964e-27,1.44205e-27,1.48902e-27,1.5417e-27,1.5889e-27,1.64187e-27,1.68884e-27,1.74163e-27,1.78841e-27,1.84156e-27,1.88805e-27,1.94146e-27,1.98818e-27,2.04176e-27,2.08872e-27,2.14252e-27,2.1891e-27,2.24368e-27,2.29047e-27,2.34531e-27,2.39191e-27,2.44648e-27,2.49351e-27,2.5484e-27,2.59533e-27,2.65014e-27,2.69647e-27,2.75176e-27,2.79803e-27,2.85308e-27,2.89982e-27,2.95514e-27,3.00162e-27,3.05774e-27,3.10456e-27,3.16095e-27,3.20771e-27,3.26386e-27,3.31117e-27,3.36768e-27,3.41504e-27,3.47149e-27,3.51839e-27,3.57537e-27,3.62236e-27,3.67914e-27,3.72675e-27,3.78385e-27,3.83137e-27,3.88932e-27,3.93735e-27,3.99563e-27,4.04377e-27,4.10182e-27,4.15054e-27,4.21011e-27,4.25907e-27,4.31754e-27,4.36632e-27,4.42517e-27,4.47498e-27,4.53571e-27,4.58613e-27,4.64609e-27,4.69675e-27,4.75756e-27,4.81008e-27,4.87135e-27,4.92312e-27,4.98447e-27,5.03713e-27,5.10016e-27,5.15334e-27,5.21545e-27,5.26878e-27,5.33158e-27,5.38669e-27,5.44979e-27,5.50407e-27,5.56707e-27,5.62204e-27,5.68613e-27,5.74329e-27,5.80806e-27,5.86481e-27,5.92988e-27,5.98785e-27,6.05483e-27,6.11365e-27,6.17993e-27,6.2392e-27,6.30627e-27,6.36719e-27,6.43655e-27,6.49872e-27,6.56775e-27,6.6308e-27,6.7011e-27,6.76664e-27,6.83783e-27,6.90325e-27,6.97495e-27,7.04187e-27,7.11568e-27,7.18373e-27,7.25704e-27,7.32585e-27,7.40029e-27,7.47151e-27,7.54672e-27,7.61778e-27,7.69342e-27,7.76592e-27,7.84331e-27,7.91889e-27,7.99779e-27,8.07405e-27,8.15433e-27,8.23319e-27,8.31684e-27,8.39839e-27,8.48346e-27,8.5684e-27,8.65833e-27,8.75162e-27,8.85556e-27,8.97321e-27,9.12682e-27,9.36729e-27,9.85921e-27,1.11563e-26,1.53032e-26,3.03222e-26
0,5.40588e-29,1.08327e-28,1.62178e-28,2.16656e-28,2.703e-28,3.24989e-28,3.78428e-28,4.33328e-28,4.86565e-28,5.41677e-28,5.94716e-28,6.50107e-28,7.03016e-28,7.58552e-28,8.11201e-28,8.67014e-28,9.19539e-28,9.75495e-28,1.02777e-27,1.084e-27,1.13616e-27,1.19254e-27,1.2446e-27,1.30139e-27,1.35335e-27,1.41028e-27,1.46187e-27,1.51893e-27,1.57044e-27,1.62764e-27,1.67907e-27,1.73667e-27,1.78803e-27,1.84578e-27,1.8968e-27,1.95467e-27,2.00565e-27,2.06366e-27,2.11459e-27,2.17301e-27,2.22393e-27,2.28276e-27,2.33366e-27,2.39264e-27,2.44382e-27,2.50321e-27,2.5544e-27,2.61394e-27,2.66488e-27,2.72481e-27,2.77579e-27,2.83586e-27,2.88661e-27,2.94655e-27,2.99736e-27,3.05743e-27,3.10806e-27,3.16854e-27,3.21928e-27,3.27993e-27,3.33106e-27,3.39214e-27,3.44342e-27,3.50467e-27,3.55585e-27,3.61752e-27,3.66889e-27,3.73073e-27,3.78202e-27,3.84376e-27,3.89527e-27,3.9572e-27,4.00869e-27,4.07108e-27,4.12287e-27,4.18547e-27,4.23784e-27,4.30094e-27,4.35364e-27,4.41698e-27,4.46979e-27,4.53364e-27,4.58737e-27,4.65147e-27,4.70483e-27,4.76892e-27,4.82274e-27,4.88767e-27,4.9428e-27,5.00833e-27,5.06347e-27,5.12934e-27,5.18532e-27,5.25234e-27,5.30893e-27,5.3758e-27,5.43276e-27,5.50029e-27,5.55847e-27,5.62641e-27,5.68451e-27,5.75262e-27,5.81147e-27,5.88058e-27,5.93997e-27,6.00877e-27,6.06845e-27,6.13779e-27,6.19867e-27,6.26939e-27,6.33122e-27,6.40203e-27,6.4646e-27,6.53631e-27,6.60047e-27,6.67286e-27,6.7373e-27,6.81012e-27,6.87572e-27,6.94984e-27,7.01744e-27,7.09262e-27,7.16092e-27,7.23691e-27,7.30676e-27,7.38438e-27,7.45552e-27,7.53345e-27,7.60563e-27,7.68469e-27,7.75875e-27,7.83867e-27,7.9133e-27,7.99383e-27,8.06987e-27,8.15187e-27,8.22909e-27,8.31129e-27,8.38954e-27,8.47286e-27,8.55312e-27,8.63855e-27,8.72076e-27,8.80721e-27,8.89136e-27,8.97988e-27,9.067e-27,9.15752e-27,9.24641e-27,9.33867e-27,9.43008e-27,9.52478e-27,9.61932e-27,9.71556e-27,9.8089e-27,9.89424e-27,9.94636e-27,9.90663e-27,9.65624e-27,9.09437e-27
0,5.86835e-29,1.17141e-28,1.76051e-28,2.34285e-28,2.93423e-28,3.51433e-28,4.108e-28,4.68591e-28,5.28189e-28,5.8577e-28,6.45626e-28,7.03016e-28,7.63101e-28,8.2029e-28,8.80611e-28,9.37585e-28,9.98126e-28,1.05491e-27,1.11568e-27,1.17226e-27,1.23328e-27,1.28974e-27,1.35104e-27,1.40737e-27,1.46894e-27,1.52505e-27,1.58679e-27,1.64266e-27,1.70458e-27,1.76034e-27,1.82253e-27,1.87819e-27,1.94064e-27,1.99612e-27,2.05874e-27,2.11402e-27,2.17681e-27,2.23203e-27,2.29511e-27,2.3503e-27,2.41378e-27,2.46896e-27,2.53277e-27,2.58807e-27,2.6522e-27,2.70758e-27,2.77201e-27,2.82733e-27,2.89203e-27,2.94726e-27,3.01218e-27,3.06731e-27,3.1323e-27,3.18732e-27,3.25235e-27,3.30731e-27,3.37261e-27,3.42756e-27,3.49317e-27,3.54835e-27,3.6143e-27,3.6697e-27,3.73597e-27,3.79146e-27,3.85803e-27,3.91359e-27,3.98041e-27,4.03603e-27,4.10295e-27,4.15864e-27,4.22565e-27,4.28146e-27,4.34878e-27,4.40477e-27,4.47246e-27,4.52887e-27,4.59696e-27,4.6538e-27,4.72229e-27,4.77945e-27,4.84836e-27,4.906e-27,4.97524e-27,5.03318e-27,5.10267e-27,5.16082e-27,5.23077e-27,5.28971e-27,5.36032e-27,5.41997e-27,5.49117e-27,5.55141e-27,5.62329e-27,5.68422e-27,5.75664e-27,5.81819e-27,5.89101e-27,5.95329e-27,6.0266e-27,6.08949e-27,6.16321e-27,6.2266e-27,6.30082e-27,6.36481e-27,6.43941e-27,6.50396e-27,6.57886e-27,6.64422e-27,6.71998e-27,6.78639e-27,6.86294e-27,6.93037e-27,7.00759e-27,7.07614e-27,7.15413e-27,7.22369e-27,7.3024e-27,7.37292e-27,7.45257e-27,7.52463e-27,7.60545e-27,7.67897e-27,7.7609e-27,7.83577e-27,7.91888e-27,7.9952e-27,8.07936e-27,8.15705e-27,8.24212e-27,8.32124e-27,8.40728e-27,8.48772e-27,8.57464e-27,8.65626e-27,8.74414e-27,8.82703e-27,8.91578e-27,8.99992e-27,9.08949e-27,9.17521e-27,9.26628e-27,9.35394e-27,9.44661e-27,9.53636e-27,9.63071e-27,9.72284e-27,9.81904e-27,9.91331e-27,1.00108e-26,1.01061e-26,1.02029e-26,1.02956e-26,1.03843e-26,1.04585e-26,1.05015e-26,1.04533e-26,1.01274e-26,8.86677e-27,4.3213e-27,-1.21335e-26
0,6.30769e-29,1.26397e-28,1.89232e-28,2.52797e-28,3.15391e-28,3.79201e-28,4.41558e-28,5.05614e-28,5.67735e-28,6.32038e-28,6.93928e-28,7.58552e-28,8.2029e-28,8.85084e-28,9.46522e-28,1.01164e-27,1.07293e-27,1.13821e-27,1.19922e-27,1.26482e-27,1.32569e-27,1.39147e-27,1.45222e-27,1.51846e-27,1.57909e-27,1.64549e-27,1.70571e-27,1.77228e-27,1.83238e-27,1.89911e-27,1.95913e-27,2.02632e-27,2.08625e-27,2.15361e-27,2.21316e-27,2.28067e-27,2.34016e-27,2.40784e-27,2.46728e-27,2.53543e-27,2.59485e-27,2.66346e-27,2.72287e-27,2.79167e-27,2.85138e-27,2.92064e-27,2.98037e-27,3.0498e-27,3.10925e-27,3.17914e-27,3.23862e-27,3.30867e-27,3.3679e-27,3.4378e-27,3.4971e-27,3.56717e-27,3.62625e-27,3.6968e-27,3.75601e-27,3.82674e-27,3.8864e-27,3.95762e-27,4.01745e-27,4.08887e-27,4.14858e-27,4.2205e-27,4.28042e-27,4.35252e-27,4.41237e-27,4.48438e-27,4.54448e-27,4.6167e-27,4.67679e-27,4.74954e-27,4.80996e-27,4.88296e-27,4.94405e-27,5.01761e-27,5.07909e-27,5.15293e-27,5.21454e-27,5.28897e-27,5.35164e-27,5.42637e-27,5.48862e-27,5.56337e-27,5.62615e-27,5.70186e-27,5.76614e-27,5.84252e-27,5.90683e-27,5.98361e-27,6.04889e-27,6.127e-27,6.19298e-27,6.27092e-27,6.33735e-27,6.41605e-27,6.48386e-27,6.56305e-27,6.63079e-27,6.71018e-27,6.77879e-27,6.85932e-27,6.92856e-27,7.00876e-27,7.07838e-27,7.15921e-27,7.23018e-27,7.31259e-27,7.38468e-27,7.46721e-27,7.54016e-27,7.62375e-27,7.69853e-27,7.78291e-27,7.85807e-27,7.94299e-27,8.0195e-27,8.10591e-27,8.18473e-27,8.27238e-27,8.35204e-27,8.44065e-27,8.5221e-27,8.61259e-27,8.69556e-27,8.78643e-27,8.87062e-27,8.96278e-27,9.04912e-27,9.14227e-27,9.22926e-27,9.32309e-27,9.41165e-27,9.50709e-27,9.59695e-27,9.69255e-27,9.7835e-27,9.88026e-27,9.97337e-27,1.00724e-26,1.01676e-26,1.02676e-26,1.03649e-26,1.0467e-26,1.05673e-26,1.06711e-26,1.07722e-26,1.08757e-26,1.09751e-26,1.10728e-26,1.11607e-26,1.1235e-26,1.12824e-26,1.12913e-26,1.12407e-26,1.11127e-26,1.0895e-26,1.06101e-26
0,6.7714e-29,1.35168e-28,2.03143e-28,2.70339e-28,3.38576e-28,4.05516e-28,4.74015e-28,5.40702e-28,6.09462e-28,6.75892e-28,7.44888e-28,8.11201e-28,8.80611e-28,9.46522e-28,1.01603e-27,1.08187e-27,1.1518e-27,1.21724e-27,1.28727e-27,1.35264e-27,1.42308e-27,1.48801e-27,1.5588e-27,1.62393e-27,1.69509e-27,1.7599e-27,1.8309e-27,1.89542e-27,1.96688e-27,2.03101e-27,2.10281e-27,2.16718e-27,2.23935e-27,2.30343e-27,2.37544e-27,2.43928e-27,2.51174e-27,2.57523e-27,2.64804e-27,2.71179e-27,2.78485e-27,2.84886e-27,2.92224e-27,2.98583e-27,3.06014e-27,3.12397e-27,3.19862e-27,3.26224e-27,3.33664e-27,3.40071e-27,3.47551e-27,3.53947e-27,3.6142e-27,3.67747e-27,3.75278e-27,3.81596e-27,3.89104e-27,3.95476e-27,4.03019e-27,4.09365e-27,4.17004e-27,4.23389e-27,4.31064e-27,4.37446e-27,4.451e-27,4.51544e-27,4.59241e-27,4.65693e-27,4.73388e-27,4.79791e-27,4.87549e-27,4.93964e-27,5.01704e-27,5.08194e-27,5.15976e-27,5.22462e-27,5.30347e-27,5.36896e-27,5.44825e-27,5.51394e-27,5.59306e-27,5.65947e-27,5.74035e-27,5.8071e-27,5.88684e-27,5.95348e-27,6.03374e-27,6.10163e-27,6.18407e-27,6.25278e-27,6.3345e-27,6.40361e-27,6.48638e-27,6.55769e-27,6.64108e-27,6.7117e-27,6.79527e-27,6.867e-27,6.95254e-27,7.02497e-27,7.10957e-27,7.1823e-27,7.26775e-27,7.34258e-27,7.42847e-27,7.50251e-27,7.5884e-27,7.66337e-27,7.7506e-27,7.82821e-27,7.91635e-27,7.99373e-27,8.08237e-27,8.16131e-27,8.25225e-27,8.33238e-27,8.42272e-27,8.50361e-27,8.59505e-27,8.67806e-27,8.77228e-27,8.85699e-27,8.95109e-27,9.03709e-27,9.13285e-27,9.22193e-27,9.3189e-27,9.40815e-27,9.50589e-27,9.59707e-27,9.69732e-27,9.78999e-27,9.88982e-27,9.98351e-27,1.00847e-26,1.01812e-26,1.02832e-26,1.03796e-26,1.04821e-26,1.05801e-26,1.06845e-26,1.0786e-26,1.0892e-26,1.09943e-26,1.11019e-26,1.12071e-26,1.13182e-26,1.14259e-26,1.1537e-26,1.1645e-26,1.1754e-26,1.18569e-26,1.19543e-26,1.20356e-26,1.21046e-26,1.21874e-26,1.2434e-26,1.34472e-26,1.75366e-26,3.33537e-26
0,7.20968e-29,1.44471e-28,2.16292e-28,2.88944e-28,3.60492e-28,4.33423e-28,5.04699e-28,5.7791e-28,6.48919e-28,7.2241e-28,7.93156e-28,8.67014e-28,9.37585e-28,1.01164e-27,1.08187e-27,1.15628e-27,1.22635e-27,1.30095e-27,1.37069e-27,1.44566e-27,1.51525e-27,1.59041e-27,1.65985e-27,1.73555e-27,1.80486e-27,1.88075e-27,1.94958e-27,2.02565e-27,2.09436e-27,2.17061e-27,2.23922e-27,2.316e-27,2.38451e-27,2.46147e-27,2.52955e-27,2.60669e-27,2.6747e-27,2.75202e-27,2.81998e-27,2.89784e-27,2.96576e-27,3.04416e-27,3.11207e-27,3.19067e-27,3.25893e-27,3.33807e-27,3.40634e-27,3.48567e-27,3.55362e-27,3.63347e-27,3.70147e-27,3.78149e-27,3.84919e-27,3.92905e-27,3.99683e-27,4.07687e-27,4.14441e-27,4.225e-27,4.29268e-27,4.37348e-27,4.44167e-27,4.52303e-27,4.59141e-27,4.67299e-27,4.74124e-27,4.82338e-27,4.89187e-27,4.97423e-27,5.04263e-27,5.12487e-27,5.19356e-27,5.27604e-27,5.34471e-27,5.4278e-27,5.49685e-27,5.58022e-27,5.65003e-27,5.73404e-27,5.8043e-27,5.88862e-27,5.95902e-27,6.04401e-27,6.11562e-27,6.20095e-27,6.27207e-27,6.35742e-27,6.42916e-27,6.5156e-27,6.58904e-27,6.67625e-27,6.74971e-27,6.83738e-27,6.91195e-27,7.00112e-27,7.07649e-27,7.16547e-27,7.24134e-27,7.33119e-27,7.40864e-27,7.49903e-27,7.5764e-27,7.66702e-27,7.74538e-27,7.83731e-27,7.91637e-27,8.00792e-27,8.08741e-27,8.17968e-27,8.26072e-27,8.35479e-27,8.43711e-27,8.53131e-27,8.61462e-27,8.71004e-27,8.79544e-27,8.89177e-27,8.9776e-27,9.07455e-27,9.16193e-27,9.26061e-27,9.35064e-27,9.45073e-27,9.54174e-27,9.64295e-27,9.73601e-27,9.83938e-27,9.93418e-27,1.0038e-26,1.01342e-26,1.02395e-26,1.03381e-26,1.04445e-26,1.05439e-26,1.0651e-26,1.07521e-26,1.08609e-26,1.09634e-26,1.10722e-26,1.11757e-26,1.12858e-26,1.13915e-26,1.15039e-26,1.16118e-26,1.17252e-26,1.18353e-26,1.19512e-26,1.20653e-26,1.21838e-26,1.23e-26,1.242e-26,1.25369e-26,1.26536e-26,1.27605e-26,1.28523e-26,1.29121e-26,1.29239e-26,1.28619e-26,1.27066e-26,1.24507e-26,1.21258e-26
0,7.6757e-29,1.53221e-28,2.30272e-28,3.06445e-28,3.83792e-28,4.59675e-28,5.37318e-28,6.12916e-28,6.90858e-28,7.66182e-28,8.4445e-28,9.19539e-28,9.98126e-28,1.07293e-27,1.1518e-27,1.22635e-27,1.30552e-27,1.37979e-27,1.45925e-27,1.53329e-27,1.61307e-27,1.68691e-27,1.76707e-27,1.84078e-27,1.9213e-27,1.99472e-27,2.07541e-27,2.14852e-27,2.22946e-27,2.30239e-27,2.3837e-27,2.45654e-27,2.5382e-27,2.61079e-27,2.69262e-27,2.76495e-27,2.84703e-27,2.91923e-27,3.00169e-27,3.07391e-27,3.15684e-27,3.2291e-27,3.31246e-27,3.38478e-27,3.46863e-27,3.54108e-27,3.62532e-27,3.69768e-27,3.78219e-27,3.8545e-27,3.93932e-27,4.01148e-27,4.09637e-27,4.16832e-27,4.25334e-27,4.3252e-27,4.41048e-27,4.4824e-27,4.56808e-27,4.64024e-27,4.72643e-27,4.79889e-27,4.8855e-27,4.95806e-27,5.04498e-27,5.1177e-27,5.20497e-27,5.27776e-27,5.36514e-27,5.43794e-27,5.5255e-27,5.59844e-27,5.68633e-27,5.75958e-27,5.84794e-27,5.92167e-27,6.01063e-27,6.08493e-27,6.1744e-27,6.2491e-27,6.33903e-27,6.41436e-27,6.50491e-27,6.58062e-27,6.67129e-27,6.74723e-27,6.83848e-27,6.91548e-27,7.00779e-27,7.08572e-27,7.1786e-27,7.25725e-27,7.35105e-27,7.43079e-27,7.52528e-27,7.60563e-27,7.70061e-27,7.78193e-27,7.87774e-27,7.95985e-27,8.05599e-27,8.13871e-27,8.23552e-27,8.31922e-27,8.41652e-27,8.50074e-27,8.59838e-27,8.68366e-27,8.78247e-27,8.86932e-27,8.96917e-27,9.05714e-27,9.15784e-27,9.24732e-27,9.34922e-27,9.44005e-27,9.5427e-27,9.63473e-27,9.73864e-27,9.83275e-27,9.9384e-27,1.00345e-26,1.01414e-26,1.02392e-26,1.03477e-26,1.04477e-26,1.05576e-26,1.06591e-26,1.07702e-26,1.08736e-26,1.09862e-26,1.10913e-26,1.12047e-26,1.13112e-26,1.14258e-26,1.15339e-26,1.16494e-26,1.17586e-26,1.18747e-26,1.19856e-26,1.21032e-26,1.22164e-26,1.23356e-26,1.24508e-26,1.2572e-26,1.26904e-26,1.28148e-26,1.29374e-26,1.30657e-26,1.31933e-26,1.3326e-26,1.34567e-26,1.35857e-26,1.36979e-26,1.37708e-26,1.37329e-26,1.33857e-26,1.20654e-26,7.43445e-27,-9.10203e-27
0,8.11189e-29,1.62548e-28,2.43358e-28,3.25099e-28,4.05602e-28,4.87655e-28,5.67854e-28,6.5022e-28,7.30118e-28,8.12798e-28,8.92403e-28,9.75495e-28,1.05491e-27,1.13821e-27,1.21724e-27,1.30095e-27,1.37979e-27,1.46372e-27,1.54219e-27,1.62652e-27,1.70483e-27,1.78938e-27,1.86753e-27,1.95269e-27,2.03068e-27,2.11604e-27,2.1935e-27,2.27906e-27,2.35638e-27,2.44215e-27,2.51935e-27,2.60572e-27,2.68282e-27,2.76938e-27,2.84599e-27,2.93274e-27,3.00926e-27,3.09622e-27,3.17268e-27,3.26024e-27,3.33668e-27,3.42485e-27,3.50127e-27,3.58966e-27,3.66649e-27,3.75549e-27,3.83233e-27,3.92154e-27,3.99802e-27,4.08782e-27,4.16434e-27,4.25433e-27,4.33051e-27,4.4203e-27,4.49656e-27,4.58655e-27,4.66253e-27,4.75314e-27,4.82928e-27,4.92013e-27,4.99686e-27,5.08834e-27,5.16529e-27,5.25702e-27,5.33382e-27,5.42617e-27,5.50323e-27,5.59583e-27,5.67278e-27,5.76523e-27,5.8425e-27,5.93521e-27,6.01245e-27,6.10585e-27,6.18351e-27,6.27723e-27,6.35575e-27,6.45019e-27,6.52923e-27,6.62401e-27,6.70319e-27,6.79874e-27,6.87928e-27,6.97518e-27,7.05516e-27,7.15105e-27,7.23171e-27,7.32885e-27,7.41143e-27,7.50945e-27,7.59205e-27,7.69057e-27,7.77442e-27,7.87464e-27,7.95939e-27,8.05937e-27,8.14467e-27,8.24563e-27,8.33272e-27,8.43429e-27,8.52125e-27,8.62307e-27,8.71115e-27,8.81443e-27,8.90329e-27,9.00612e-27,9.09544e-27,9.19907e-27,9.29015e-27,9.39583e-27,9.48835e-27,9.59418e-27,9.68781e-27,9.79501e-27,9.89101e-27,9.99923e-27,1.00957e-26,1.02046e-26,1.03028e-26,1.04137e-26,1.05149e-26,1.06275e-26,1.07298e-26,1.08436e-26,1.09483e-26,1.10645e-26,1.11712e-26,1.12879e-26,1.13962e-26,1.15146e-26,1.16256e-26,1.17453e-26,1.1857e-26,1.19775e-26,1.20911e-26,1.22134e-26,1.23284e-26,1.24505e-26,1.25665e-26,1.26896e-26,1.28077e-26,1.29331e-26,1.30533e-26,1.31795e-26,1.3302e-26,1.34311e-26,1.35586e-26,1.36922e-26,1.38254e-26,1.39667e-26,1.4111e-26,1.42652e-26,1.44238e-26,1.45861e-26,1.47368e-26,1.4853e-26,1.48802e-26,1.47361e-26,1.4323e-26,1.36416e-26
0,8.57915e-29,1.71257e-28,2.57376e-28,3.42517e-28,4.28964e-28,5.13782e-28,6.00558e-28,6.85057e-28,7.72159e-28,8.56337e-28,9.43744e-28,1.02777e-27,1.11568e-27,1.19922e-27,1.28727e-27,1.37069e-27,1.45925e-27,1.54219e-27,1.63089e-27,1.71372e-27,1.80292e-27,1.88524e-27,1.97488e-27,2.05743e-27,2.14753e-27,2.22967e-27,2.3196e-27,2.40136e-27,2.49183e-27,2.57313e-27,2.66405e-27,2.74562e-27,2.83699e-27,2.9182e-27,3.00939e-27,3.09028e-27,3.182e-27,3.26247e-27,3.35462e-27,3.4354e-27,3.5279e-27,3.60899e-27,3.7019e-27,3.78252e-27,3.87656e-27,3.95748e-27,4.05194e-27,4.13261e-27,4.22682e-27,4.308e-27,4.40268e-27,4.4837e-27,4.5783e-27,4.65849e-27,4.75373e-27,4.8338e-27,4.92881e-27,5.00949e-27,5.10495e-27,5.18537e-27,5.28199e-27,5.36292e-27,5.46001e-27,5.5409e-27,5.63777e-27,5.71939e-27,5.81679e-27,5.8985e-27,5.99586e-27,6.07697e-27,6.17504e-27,6.2563e-27,6.3542e-27,6.43634e-27,6.53477e-27,6.61693e-27,6.7166e-27,6.79956e-27,6.8998e-27,6.98301e-27,7.0831e-27,7.16721e-27,7.26937e-27,7.35388e-27,7.45469e-27,7.53903e-27,7.64049e-27,7.72642e-27,7.83053e-27,7.91751e-27,8.02083e-27,8.10832e-27,8.21295e-27,8.30308e-27,8.40849e-27,8.49787e-27,8.60351e-27,8.69427e-27,8.80227e-27,8.8939e-27,9.00083e-27,9.09282e-27,9.2008e-27,9.2953e-27,9.4038e-27,9.49741e-27,9.60588e-27,9.70066e-27,9.81084e-27,9.90885e-27,1.00202e-26,1.01181e-26,1.02301e-26,1.03299e-26,1.04447e-26,1.0546e-26,1.06601e-26,1.07624e-26,1.0878e-26,1.0983e-26,1.1102e-26,1.12092e-26,1.13283e-26,1.14372e-26,1.15584e-26,1.16711e-26,1.17939e-26,1.1907e-26,1.20308e-26,1.21463e-26,1.22732e-26,1.23906e-26,1.2517e-26,1.26357e-26,1.27636e-26,1.28854e-26,1.30141e-26,1.31355e-26,1.32643e-26,1.33872e-26,1.35177e-26,1.3644e-26,1.37757e-26,1.39024e-26,1.40355e-26,1.41657e-26,1.4304e-26,1.44401e-26,1.45842e-26,1.47317e-26,1.48927e-26,1.50657e-26,1.52624e-26,1.54824e-26,1.5741e-26,1.60606e-26,1.65489e-26,1.76744e-26,2.14807e-26,3.63851e-26
0,9.01436e-29,1.8063e-28,2.70432e-28,3.61263e-28,4.50725e-28,5.41901e-28,6.31026e-28,7.22545e-28,8.11335e-28,9.032e-28,9.91667e-28,1.084e-27,1.17226e-27,1.26482e-27,1.35264e-27,1.44566e-27,1.53329e-27,1.62652e-27,1.71372e-27,1.80742e-27,1.89444e-27,1.98836e-27,2.07523e-27,2.16986e-27,2.25658e-27,2.35141e-27,2.43749e-27,2.53252e-27,2.61844e-27,2.7137e-27,2.79952e-27,2.89548e-27,2.9812e-27,3.07736e-27,3.16248e-27,3.25883e-27,3.34386e-27,3.44042e-27,3.52539e-27,3.62264e-27,3.70759e-27,3.80553e-27,3.89046e-27,3.98862e-27,4.07403e-27,4.17291e-27,4.25835e-27,4.35742e-27,4.44242e-27,4.54218e-27,4.62725e-27,4.72722e-27,4.81187e-27,4.91156e-27,4.9963e-27,5.09619e-27,5.1806e-27,5.2812e-27,5.36579e-27,5.46665e-27,5.55195e-27,5.65356e-27,5.73911e-27,5.84095e-27,5.92629e-27,6.02887e-27,6.11453e-27,6.21736e-27,6.30285e-27,6.40546e-27,6.4913e-27,6.5942e-27,6.67998e-27,6.78365e-27,6.86991e-27,6.97393e-27,7.06119e-27,7.16605e-27,7.25387e-27,7.35907e-27,7.44701e-27,7.55309e-27,7.64265e-27,7.74911e-27,7.83786e-27,7.94418e-27,8.03368e-27,8.14149e-27,8.2333e-27,8.34209e-27,8.43379e-27,8.54308e-27,8.63622e-27,8.74753e-27,8.84166e-27,8.95256e-27,9.04723e-27,9.15928e-27,9.25606e-27,9.36878e-27,9.46528e-27,9.5782e-27,9.67599e-27,9.79066e-27,9.88929e-27,1.00033e-26,1.01023e-26,1.02172e-26,1.03183e-26,1.04356e-26,1.05383e-26,1.06557e-26,1.07595e-26,1.08785e-26,1.09851e-26,1.11052e-26,1.12122e-26,1.13329e-26,1.14419e-26,1.15649e-26,1.16774e-26,1.18023e-26,1.1916e-26,1.20423e-26,1.21586e-26,1.22878e-26,1.24064e-26,1.2536e-26,1.26563e-26,1.2788e-26,1.29115e-26,1.30445e-26,1.31687e-26,1.33025e-26,1.34288e-26,1.35647e-26,1.36924e-26,1.38278e-26,1.39561e-26,1.40922e-26,1.42225e-26,1.43607e-26,1.44926e-26,1.46306e-26,1.4764e-26,1.49043e-26,1.50426e-26,1.51879e-26,1.53337e-26,1.54914e-26,1.56591e-26,1.58511e-26,1.60732e-26,1.6345e-26,1.66825e-26,1.71046e-26,1.75817e-26,1.79331e-26,1.75402e-26,1.51573e-26
