0,0,0,0,0,0,0,0,0,0,0,0,0,0,0,0,0,0,0,0,0,0,0,0,0,0,0,0,0,0,0,0,0,0,0,0,0,0,0,0,0,0,0,0,0,0,0,0,0,0,0,0,0,0,0,0,0,0,0,0,0,0,0,0,0,0,0,0,0,0,0,0,0,0,0,0,0,0,0,0,0,0,0,0,0,0,0,0,0,0,0,0,0,0,0,0,0,0,0,0,0,0,0,0,0,0,0,0,0,0,0,0,0,0,0,0,0,0,0,0,0,0,0,0,0,0,0,0,0,0,0,0,0,0,0,0,0,0,0,0,0,0,0,0,0,0,0,0,0,0,0,0,0,0,0,0,0,0,0,0,0
0,4.36136e-30,8.72024e-30,1.30844e-29,1.74411e-29,2.18085e-29,2.61634e-29,3.05342e-29,3.48877e-29,3.92624e-29,4.36148e-29,4.79936e-29,5.23508e-29,5.67395e-29,6.10909e-29,6.54791e-29,6.98359e-29,7.42347e-29,7.85867e-29,8.29856e-29,8.7344e-29,9.17543e-29,9.61087e-29,1.00531e-28,1.04903e-28,1.09337e-28,1.13707e-28,1.18131e-28,1.22498e-28,1.26936e-28,1.313e-28,1.35751e-28,1.40136e-28,1.446e-28,1.48984e-28,1.53442e-28,1.57825e-28,1.62297e-28,1.66681e-28,1.71169e-28,1.75576e-28,1.80081e-28,1.84512e-28,1.89034e-28,1.93469e-28,1.9803e-28,2.0249e-28,2.07069e-28,2.11534e-28,2.1611e-28,2.20601e-28,2.25196e-28,2.29693e-28,2.34286e-28,2.38767e-28,2.4338e-28,2.4787e-28,2.52483e-28,2.57003e-28,2.61639e-28,2.66169e-28,2.7085e-28,2.75414e-28,2.8012e-28,2.84696e-28,2.89406e-28,2.94018e-28,2.98754e-28,3.0338e-28,3.08123e-28,3.12744e-28,3.17515e-28,3.22154e-28,3.26934e-28,3.31614e-28,3.36427e-28,3.41128e-28,3.45996e-28,3.50743e-28,3.55647e-28,3.60419e-28,3.65338e-28,3.70159e-28,3.75159e-28,3.80009e-28,3.84986e-28,3.89846e-28,3.94865e-28,3.99802e-28,4.04931e-28,4.09926e-28,4.1506e-28,4.20094e-28,4.25299e-28,4.30438e-28,4.35695e-28,4.40834e-28,4.46123e-28,4.51329e-28,4.56716e-28,4.6197e-28,4.67351e-28,4.72634e-28,4.78075e-28,4.83454e-28,4.88936e-28,4.94307e-28,4.99813e-28,5.05243e-28,5.1084e-28,5.16399e-28,5.22069e-28,5.27652e-28,5.33377e-28,5.39051e-28,5.44899e-28,5.50646e-28,5.56512e-28,5.62314e-28,5.68266e-28,5.74192e-28,5.80297e-28,5.86328e-28,5.92481e-28,5.98599e-28,6.04869e-28,6.11139e-28,6.17506e-28,6.23826e-28,6.30272e-28,6.36708e-28,6.433e-28,6.49836e-28,6.56472e-28,6.63092e-28,6.69843e-28,6.76618e-28,6.83472e-28,6.90305e-28,6.9725e-28,7.04218e-28,7.11331e-28,7.18508e-28,7.25773e-28,7.33052e-28,7.40436e-28,7.47847e-28,7.55344e-28,7.62739e-28,7.70027e-28,7.77032e-28,7.83624e-28,7.8948e-28,7.94258e-28,7.97338e-28,7.98171e-28,7.9615e-28,7.9088e-28,7.82304e-28,7.70899e-28,7.57864e-28
0,8.72024e-30,1.74458e-29,2.61614e-29,3.48929e-29,4.36045e-29,5.23427e-29,6.10511e-29,6.97965e-29,7.85024e-29,8.72559e-29,9.59601e-29,1.04733e-28,1.13447e-28,1.22218e-28,1.30921e-28,1.39714e-28,1.48428e-28,1.5722e-28,1.65925e-28,1.74739e-28,1.83458e-28,1.92274e-28,2.01006e-28,2.09867e-28,2.18615e-28,2.27479e-28,2.36199e-28,2.45067e-28,2.53803e-28,2.62676e-28,2.7143e-28,2.80351e-28,2.89124e-28,2.98051e-28,3.06802e-28,3.15737e-28,3.2451e-28,3.33453e-28,3.4225e-28,3.51247e-28,3.6007e-28,3.69123e-28,3.77972e-28,3.87039e-28,3.95961e-28,4.05085e-28,4.14036e-28,4.23176e-28,4.32115e-28,4.41313e-28,4.50284e-28,4.59499e-28,4.68461e-28,4.77651e-28,4.86648e-28,4.95858e-28,5.0485e-28,5.14125e-28,5.23159e-28,5.3246e-28,5.4158e-28,5.50951e-28,5.60117e-28,5.69517e-28,5.78688e-28,5.88162e-28,5.97383e-28,6.06889e-28,6.16119e-28,6.25617e-28,6.34902e-28,6.44437e-28,6.53739e-28,6.63358e-28,6.72722e-28,6.82386e-28,6.91861e-28,7.01615e-28,7.1116e-28,7.20966e-28,7.30542e-28,7.40445e-28,7.50185e-28,7.60145e-28,7.69838e-28,7.79817e-28,7.89596e-28,7.99728e-28,8.09728e-28,8.19975e-28,8.29986e-28,8.40308e-28,8.50464e-28,8.60995e-28,8.71256e-28,8.81785e-28,8.92113e-28,9.02772e-28,9.13302e-28,9.24052e-28,9.34572e-28,9.45376e-28,9.56021e-28,9.67012e-28,9.77744e-28,9.88715e-28,9.99499e-28,1.01058e-27,1.02156e-27,1.03289e-27,1.04402e-27,1.05539e-27,1.06663e-27,1.07819e-27,1.08968e-27,1.10137e-27,1.11291e-27,1.1247e-27,1.13642e-27,1.14845e-27,1.16048e-27,1.17272e-27,1.18485e-27,1.19726e-27,1.20963e-27,1.22234e-27,1.23491e-27,1.2477e-27,1.26044e-27,1.27346e-27,1.2865e-27,1.29971e-27,1.31285e-27,1.32622e-27,1.33959e-27,1.35326e-27,1.36685e-27,1.38062e-27,1.3944e-27,1.40844e-27,1.42257e-27,1.43701e-27,1.45146e-27,1.46611e-27,1.48081e-27,1.49574e-27,1.51071e-27,1.52565e-27,1.5403e-27,1.55457e-27,1.56799e-27,1.58015e-27,1.59018e-27,1.59697e-27,1.5992e-27,1.59562e-27,1.58512e-27,1.56744e-27,1.54344e-27,1.51573e-27
0,1.30844e-29,2.61614e-29,3.92543e-29,5.23248e-29,6.54271e-29,7.84922e-29,9.16049e-29,1.04666e-28,1.1779e-28,1.30848e-28,1.43984e-28,1.57056e-28,1.70222e-28,1.83277e-28,1.96442e-28,2.09513e-28,2.22709e-28,2.35765e-28,2.48962e-28,2.62038e-28,2.75269e-28,2.88333e-28,3.01599e-28,3.14717e-28,3.28019e-28,3.41127e-28,3.54402e-28,3.67502e-28,3.80816e-28,3.93909e-28,4.07262e-28,4.20416e-28,4.3381e-28,4.46961e-28,4.60333e-28,4.73483e-28,4.869e-28,5.00052e-28,5.13516e-28,5.26737e-28,5.40251e-28,5.53545e-28,5.6711e-28,5.80414e-28,5.94098e-28,6.07478e-28,6.21216e-28,6.3461e-28,6.48339e-28,6.61812e-28,6.75598e-28,6.89087e-28,7.02866e-28,7.1631e-28,7.30149e-28,7.43616e-28,7.57455e-28,7.71014e-28,7.84921e-28,7.98511e-28,8.12555e-28,8.26245e-28,8.40364e-28,8.54092e-28,8.68223e-28,8.82057e-28,8.96267e-28,9.10145e-28,9.24372e-28,9.38234e-28,9.52547e-28,9.66462e-28,9.80801e-28,9.9484e-28,1.00928e-27,1.02338e-27,1.03798e-27,1.05222e-27,1.06693e-27,1.08125e-27,1.096e-27,1.11046e-27,1.12547e-27,1.14001e-27,1.15494e-27,1.16952e-27,1.18458e-27,1.19939e-27,1.21477e-27,1.22975e-27,1.24516e-27,1.26025e-27,1.27587e-27,1.29129e-27,1.30705e-27,1.32247e-27,1.33834e-27,1.35395e-27,1.37011e-27,1.38587e-27,1.40201e-27,1.41786e-27,1.43418e-27,1.45031e-27,1.46676e-27,1.48287e-27,1.49938e-27,1.51567e-27,1.53246e-27,1.54914e-27,1.56614e-27,1.58289e-27,1.60006e-27,1.61708e-27,1.63462e-27,1.65186e-27,1.66946e-27,1.68686e-27,1.70471e-27,1.72249e-27,1.7408e-27,1.75889e-27,1.77735e-27,1.7957e-27,1.81451e-27,1.83332e-27,1.85242e-27,1.87138e-27,1.89071e-27,1.91002e-27,1.92979e-27,1.94939e-27,1.96929e-27,1.98915e-27,2.00939e-27,2.02971e-27,2.05026e-27,2.07075e-27,2.09157e-27,2.11247e-27,2.13379e-27,2.15532e-27,2.17713e-27,2.19899e-27,2.22121e-27,2.24355e-27,2.26624e-27,2.28874e-27,2.31112e-27,2.33291e-27,2.35384e-27,2.373e-27,2.38942e-27,2.40113e-27,2.40617e-27,2.40207e-27,2.38669e-27,2.35889e-27,2.31971e-27,2.27359e-27
0,1.74411e-29,3.48929e-29,5.23248e-29,6.97884e-29,8.72123e-29,1.04689e-28,1.22107e-28,1.39598e-28,1.57011e-28,1.74518e-28,1.91927e-28,2.09474e-28,2.26902e-28,2.44446e-28,2.61852e-28,2.79437e-28,2.96866e-28,3.14451e-28,3.31861e-28,3.49491e-28,3.66927e-28,3.8456e-28,4.02026e-28,4.19749e-28,4.37244e-28,4.54973e-28,4.72413e-28,4.90149e-28,5.07623e-28,5.25368e-28,5.42877e-28,5.60719e-28,5.78266e-28,5.96121e-28,6.13622e-28,6.31491e-28,6.49036e-28,6.66923e-28,6.84515e-28,7.0251e-28,7.20154e-28,7.3826e-28,7.5596e-28,7.74093e-28,7.91937e-28,8.10186e-28,8.2809e-28,8.46369e-28,8.64248e-28,8.82645e-28,9.00588e-28,9.19017e-28,9.3694e-28,9.55319e-28,9.73311e-28,9.9173e-28,1.00971e-27,1.02826e-27,1.04633e-27,1.06493e-27,1.08317e-27,1.10191e-27,1.12024e-27,1.13904e-27,1.15739e-27,1.17633e-27,1.19477e-27,1.21378e-27,1.23224e-27,1.25124e-27,1.26981e-27,1.28887e-27,1.30747e-27,1.32671e-27,1.34544e-27,1.36476e-27,1.38371e-27,1.40322e-27,1.4223e-27,1.44191e-27,1.46107e-27,1.48087e-27,1.50035e-27,1.52026e-27,1.53965e-27,1.5596e-27,1.57915e-27,1.59941e-27,1.61941e-27,1.6399e-27,1.65992e-27,1.68056e-27,1.70087e-27,1.72193e-27,1.74245e-27,1.76351e-27,1.78416e-27,1.80548e-27,1.82653e-27,1.84803e-27,1.86907e-27,1.89067e-27,1.91195e-27,1.93393e-27,1.95539e-27,1.97733e-27,1.99889e-27,2.02105e-27,2.04299e-27,2.06566e-27,2.0879e-27,2.11065e-27,2.13313e-27,2.15623e-27,2.17921e-27,2.20259e-27,2.22565e-27,2.24925e-27,2.27266e-27,2.29674e-27,2.32078e-27,2.34526e-27,2.36952e-27,2.39433e-27,2.41907e-27,2.44447e-27,2.46962e-27,2.4952e-27,2.52067e-27,2.54671e-27,2.57278e-27,2.59919e-27,2.62545e-27,2.65217e-27,2.67891e-27,2.70623e-27,2.73338e-27,2.76091e-27,2.78845e-27,2.8165e-27,2.84473e-27,2.87361e-27,2.90252e-27,2.93186e-27,2.96137e-27,2.99141e-27,3.02171e-27,3.05216e-27,3.0824e-27,3.11241e-27,3.14147e-27,3.16894e-27,3.19326e-27,3.21211e-27,3.22231e-27,3.22001e-27,3.20084e-27,3.16174e-27,3.10295e-27,3.03146e-27
0,2.18085e-29,4.36045e-29,6.54271e-29,8.72123e-29,1.09051e-28,1.30827e-28,1.52682e-28,1.74451e-28,1.96326e-28,2.1809e-28,2.39985e-28,2.61773e-28,2.83718e-28,3.05477e-28,3.27419e-28,3.49205e-28,3.71199e-28,3.92961e-28,4.14956e-28,4.36749e-28,4.58802e-28,4.80575e-28,5.02687e-28,5.24551e-28,5.46723e-28,5.68572e-28,5.90697e-28,6.12531e-28,6.3472e-28,6.56543e-28,6.78799e-28,7.00723e-28,7.23047e-28,7.44965e-28,7.67252e-28,7.89168e-28,8.11528e-28,8.33447e-28,8.55885e-28,8.77921e-28,9.00443e-28,9.22599e-28,9.45208e-28,9.67383e-28,9.90189e-28,1.01249e-27,1.03539e-27,1.05771e-27,1.0806e-27,1.10305e-27,1.12603e-27,1.14851e-27,1.17147e-27,1.19388e-27,1.21694e-27,1.23939e-27,1.26245e-27,1.28504e-27,1.30822e-27,1.33087e-27,1.35427e-27,1.37709e-27,1.40062e-27,1.4235e-27,1.44705e-27,1.47011e-27,1.49379e-27,1.51692e-27,1.54063e-27,1.56373e-27,1.58758e-27,1.61077e-27,1.63466e-27,1.65806e-27,1.68211e-27,1.70562e-27,1.72995e-27,1.75368e-27,1.77819e-27,1.80205e-27,1.82664e-27,1.85074e-27,1.87574e-27,1.89998e-27,1.92485e-27,1.94914e-27,1.97423e-27,1.99891e-27,2.02455e-27,2.04951e-27,2.07517e-27,2.10034e-27,2.12636e-27,2.15205e-27,2.17832e-27,2.20401e-27,2.23045e-27,2.25647e-27,2.2834e-27,2.30966e-27,2.33656e-27,2.36296e-27,2.39016e-27,2.41704e-27,2.44444e-27,2.47128e-27,2.49879e-27,2.52593e-27,2.5539e-27,2.58168e-27,2.61002e-27,2.63793e-27,2.66654e-27,2.6949e-27,2.72412e-27,2.75285e-27,2.78216e-27,2.81116e-27,2.84091e-27,2.87053e-27,2.90104e-27,2.93118e-27,2.96194e-27,2.99252e-27,3.02386e-27,3.05521e-27,3.08703e-27,3.11862e-27,3.15083e-27,3.183e-27,3.21594e-27,3.2486e-27,3.28175e-27,3.31481e-27,3.34853e-27,3.38236e-27,3.41658e-27,3.45069e-27,3.48535e-27,3.52013e-27,3.55564e-27,3.5915e-27,3.62784e-27,3.66433e-27,3.70147e-27,3.73896e-27,3.77725e-27,3.81558e-27,3.85424e-27,3.89278e-27,3.93109e-27,3.96814e-27,4.00272e-27,4.0317e-27,4.05118e-27,4.05495e-27,4.03523e-27,3.98422e-27,3.89897e-27,3.78932e-27
0,2.61634e-29,5.23427e-29,7.84922e-29,1.04689e-28,1.30827e-28,1.57044e-28,1.83171e-28,2.0941e-28,2.3553e-28,2.61793e-28,2.87908e-28,3.14229e-28,3.40374e-28,3.66691e-28,3.92802e-28,4.19181e-28,4.45325e-28,4.71703e-28,4.9782e-28,5.24265e-28,5.50421e-28,5.76872e-28,6.03072e-28,6.29659e-28,6.55904e-28,6.82499e-28,7.0866e-28,7.35264e-28,7.61475e-28,7.88092e-28,8.14357e-28,8.41122e-28,8.67444e-28,8.94226e-28,9.20478e-28,9.4728e-28,9.73596e-28,1.00042e-27,1.02681e-27,1.0538e-27,1.08027e-27,1.10743e-27,1.13398e-27,1.16118e-27,1.18795e-27,1.21532e-27,1.24218e-27,1.2696e-27,1.29642e-27,1.32402e-27,1.35093e-27,1.37857e-27,1.40546e-27,1.43302e-27,1.46001e-27,1.48763e-27,1.5146e-27,1.54242e-27,1.56952e-27,1.59742e-27,1.62478e-27,1.65289e-27,1.68039e-27,1.70859e-27,1.7361e-27,1.76452e-27,1.79218e-27,1.82069e-27,1.84838e-27,1.87686e-27,1.90471e-27,1.93331e-27,1.9612e-27,1.99005e-27,2.01813e-27,2.04711e-27,2.07553e-27,2.10479e-27,2.13342e-27,2.16283e-27,2.19155e-27,2.22125e-27,2.25046e-27,2.28033e-27,2.30939e-27,2.33931e-27,2.36864e-27,2.39902e-27,2.42901e-27,2.45973e-27,2.48976e-27,2.52071e-27,2.55117e-27,2.58275e-27,2.61353e-27,2.6451e-27,2.67608e-27,2.70804e-27,2.73962e-27,2.77186e-27,2.8034e-27,2.8358e-27,2.86772e-27,2.90067e-27,2.93285e-27,2.96574e-27,2.99806e-27,3.03129e-27,3.06419e-27,3.09818e-27,3.13153e-27,3.16564e-27,3.19935e-27,3.23399e-27,3.26845e-27,3.30351e-27,3.33809e-27,3.37346e-27,3.40857e-27,3.44467e-27,3.48073e-27,3.51744e-27,3.55382e-27,3.59102e-27,3.62812e-27,3.66622e-27,3.70393e-27,3.74229e-27,3.78049e-27,3.81952e-27,3.85861e-27,3.89821e-27,3.93757e-27,3.97762e-27,4.01768e-27,4.05862e-27,4.0993e-27,4.14053e-27,4.18177e-27,4.22377e-27,4.26605e-27,4.30933e-27,4.35265e-27,4.39668e-27,4.44105e-27,4.48638e-27,4.53235e-27,4.579e-27,4.62603e-27,4.67385e-27,4.72201e-27,4.77037e-27,4.81759e-27,4.86102e-27,4.89581e-27,4.91371e-27,4.90119e-27,4.84098e-27,4.71942e-27,4.54719e-27
0,3.05342e-29,6.10511e-29,9.16049e-29,1.22107e-28,1.52682e-28,1.83171e-28,2.13771e-28,2.4425e-28,2.74876e-28,3.05347e-28,3.36003e-28,3.66509e-28,3.97234e-28,4.27699e-28,4.5842e-28,4.88922e-28,5.19716e-28,5.50183e-28,5.80978e-28,6.11489e-28,6.42364e-28,6.72849e-28,7.03808e-28,7.34422e-28,7.65467e-28,7.96057e-28,8.27033e-28,8.576e-28,8.88664e-28,9.19217e-28,9.50376e-28,9.81073e-28,1.01233e-27,1.04302e-27,1.07422e-27,1.1049e-27,1.1362e-27,1.16688e-27,1.19829e-27,1.22914e-27,1.26067e-27,1.29169e-27,1.32334e-27,1.35439e-27,1.38632e-27,1.41755e-27,1.44961e-27,1.48086e-27,1.5129e-27,1.54434e-27,1.57651e-27,1.60799e-27,1.64013e-27,1.6715e-27,1.70378e-27,1.73519e-27,1.76747e-27,1.7991e-27,1.83154e-27,1.86325e-27,1.89602e-27,1.92796e-27,1.9609e-27,1.99293e-27,2.0259e-27,2.05818e-27,2.09134e-27,2.12371e-27,2.1569e-27,2.18924e-27,2.22262e-27,2.25507e-27,2.28851e-27,2.32126e-27,2.35493e-27,2.38782e-27,2.42189e-27,2.4551e-27,2.48942e-27,2.52281e-27,2.55723e-27,2.59096e-27,2.62595e-27,2.65989e-27,2.69469e-27,2.72868e-27,2.76378e-27,2.79832e-27,2.83421e-27,2.86915e-27,2.90507e-27,2.94028e-27,2.9767e-27,3.01266e-27,3.04944e-27,3.0854e-27,3.1224e-27,3.15882e-27,3.19651e-27,3.23327e-27,3.27091e-27,3.30786e-27,3.34592e-27,3.38354e-27,3.42189e-27,3.45944e-27,3.49793e-27,3.5359e-27,3.57504e-27,3.61392e-27,3.65358e-27,3.69263e-27,3.73267e-27,3.77236e-27,3.81326e-27,3.85346e-27,3.89448e-27,3.93505e-27,3.97667e-27,4.01812e-27,4.06083e-27,4.10302e-27,4.14607e-27,4.18887e-27,4.23273e-27,4.27661e-27,4.32115e-27,4.36536e-27,4.41044e-27,4.45545e-27,4.50155e-27,4.54724e-27,4.59361e-27,4.63986e-27,4.68701e-27,4.73431e-27,4.78214e-27,4.8298e-27,4.87822e-27,4.92681e-27,4.97642e-27,5.02653e-27,5.07733e-27,5.12836e-27,5.1804e-27,5.23307e-27,5.28712e-27,5.3417e-27,5.39751e-27,5.45449e-27,5.51333e-27,5.57393e-27,5.63649e-27,5.69892e-27,5.75767e-27,5.80309e-27,5.81531e-27,5.75901e-27,5.59066e-27,5.30505e-27
0,3.48877e-29,6.97965e-29,1.04666e-28,1.39598e-28,1.74451e-28,2.0941e-28,2.4425e-28,2.79237e-28,3.14066e-28,3.49085e-28,3.83909e-28,4.19008e-28,4.53872e-28,4.88963e-28,5.2378e-28,5.58955e-28,5.93818e-28,6.28989e-28,6.63812e-28,6.99073e-28,7.3395e-28,7.69218e-28,8.04156e-28,8.39613e-28,8.74614e-28,9.10077e-28,9.44958e-28,9.80428e-28,1.01537e-27,1.05086e-27,1.08589e-27,1.12158e-27,1.15668e-27,1.19239e-27,1.22739e-27,1.26312e-27,1.29821e-27,1.33397e-27,1.36915e-27,1.40514e-27,1.44043e-27,1.47664e-27,1.51204e-27,1.5483e-27,1.584e-27,1.62051e-27,1.65632e-27,1.69288e-27,1.72865e-27,1.76545e-27,1.80134e-27,1.8382e-27,1.87404e-27,1.91079e-27,1.94676e-27,1.98358e-27,2.01953e-27,2.05662e-27,2.09274e-27,2.12993e-27,2.16641e-27,2.20389e-27,2.24056e-27,2.27816e-27,2.31484e-27,2.35273e-27,2.38962e-27,2.42763e-27,2.46454e-27,2.50251e-27,2.53963e-27,2.57774e-27,2.61492e-27,2.65337e-27,2.6908e-27,2.72943e-27,2.76732e-27,2.80632e-27,2.84449e-27,2.88369e-27,2.92197e-27,2.96157e-27,3.00052e-27,3.04034e-27,3.07906e-27,3.11892e-27,3.15799e-27,3.19848e-27,3.23847e-27,3.27943e-27,3.31944e-27,3.36069e-27,3.4013e-27,3.44341e-27,3.48443e-27,3.52651e-27,3.56779e-27,3.6104e-27,3.6525e-27,3.69547e-27,3.73751e-27,3.78068e-27,3.82322e-27,3.86716e-27,3.91004e-27,3.95385e-27,3.99691e-27,4.04118e-27,4.08502e-27,4.13032e-27,4.17478e-27,4.22024e-27,4.26514e-27,4.31132e-27,4.35725e-27,4.40398e-27,4.45005e-27,4.49717e-27,4.54396e-27,4.59206e-27,4.64014e-27,4.68907e-27,4.73756e-27,4.78714e-27,4.8366e-27,4.8874e-27,4.93766e-27,4.98878e-27,5.03968e-27,5.0917e-27,5.1438e-27,5.19656e-27,5.24899e-27,5.30233e-27,5.35568e-27,5.41018e-27,5.46432e-27,5.51917e-27,5.57401e-27,5.62985e-27,5.68608e-27,5.74363e-27,5.80123e-27,5.85979e-27,5.91886e-27,5.97931e-27,6.04083e-27,6.10361e-27,6.1676e-27,6.23389e-27,6.30294e-27,6.37633e-27,6.45526e-27,6.54083e-27,6.63292e-27,6.72618e-27,6.79829e-27,6.78916e-27,6.5792e-27,6.06291e-27
0,3.92624e-29,7.85024e-29,1.1779e-28,1.57011e-28,1.96326e-28,2.3553e-28,2.74876e-28,3.14066e-28,3.53445e-28,3.92625e-28,4.32043e-28,4.71272e-28,5.10783e-28,5.49954e-28,5.89452e-28,6.28676e-28,6.68274e-28,7.07446e-28,7.47037e-28,7.86269e-28,8.25965e-28,8.65158e-28,9.04969e-28,9.44345e-28,9.84272e-28,1.02361e-27,1.06343e-27,1.10273e-27,1.14266e-27,1.18194e-27,1.22201e-27,1.26149e-27,1.30168e-27,1.34114e-27,1.38125e-27,1.42069e-27,1.46093e-27,1.50037e-27,1.54075e-27,1.58041e-27,1.62095e-27,1.66084e-27,1.70152e-27,1.74143e-27,1.7825e-27,1.82266e-27,1.86389e-27,1.90408e-27,1.94526e-27,1.9857e-27,2.02707e-27,2.06755e-27,2.10887e-27,2.14918e-27,2.19068e-27,2.23105e-27,2.27254e-27,2.3132e-27,2.35489e-27,2.39565e-27,2.43778e-27,2.47886e-27,2.52122e-27,2.5624e-27,2.60478e-27,2.64629e-27,2.68892e-27,2.73055e-27,2.77321e-27,2.81476e-27,2.85767e-27,2.89937e-27,2.94235e-27,2.98443e-27,3.0277e-27,3.06998e-27,3.11377e-27,3.15648e-27,3.20059e-27,3.24351e-27,3.28773e-27,3.33111e-27,3.37613e-27,3.41974e-27,3.46445e-27,3.50808e-27,3.55317e-27,3.59756e-27,3.64372e-27,3.68864e-27,3.73478e-27,3.78003e-27,3.82684e-27,3.8731e-27,3.92037e-27,3.96657e-27,4.01409e-27,4.06092e-27,4.1094e-27,4.15665e-27,4.20499e-27,4.25246e-27,4.30137e-27,4.34976e-27,4.39903e-27,4.44726e-27,4.49667e-27,4.54543e-27,4.59573e-27,4.64574e-27,4.69671e-27,4.74687e-27,4.7983e-27,4.84932e-27,4.90192e-27,4.95358e-27,5.00625e-27,5.05835e-27,5.1118e-27,5.16508e-27,5.22e-27,5.27424e-27,5.32955e-27,5.38454e-27,5.44092e-27,5.49735e-27,5.55461e-27,5.6114e-27,5.66931e-27,5.72716e-27,5.78642e-27,5.84513e-27,5.90467e-27,5.96404e-27,6.02458e-27,6.08533e-27,6.1467e-27,6.2078e-27,6.26985e-27,6.3321e-27,6.39567e-27,6.4599e-27,6.52496e-27,6.59028e-27,6.65689e-27,6.72438e-27,6.79372e-27,6.86389e-27,6.93601e-27,7.01043e-27,7.089e-27,7.17345e-27,7.26767e-27,7.37613e-27,7.50747e-27,7.67066e-27,7.86318e-27,8.02003e-27,7.87423e-27,6.82078e-27
0,4.36148e-29,8.72559e-29,1.30848e-28,1.74518e-28,2.1809e-28,2.61793e-28,3.05347e-28,3.49085e-28,3.92625e-28,4.36399e-28,4.79928e-28,5.23819e-28,5.67414e-28,6.11273e-28,6.54789e-28,6.98772e-28,7.42365e-28,7.86322e-28,8.29843e-28,8.73928e-28,9.17529e-28,9.61591e-28,1.00528e-27,1.04963e-27,1.09341e-27,1.13774e-27,1.18132e-27,1.22566e-27,1.26934e-27,1.31367e-27,1.35746e-27,1.4021e-27,1.44601e-27,1.49066e-27,1.53438e-27,1.57904e-27,1.6229e-27,1.66757e-27,1.71154e-27,1.75653e-27,1.80063e-27,1.84592e-27,1.89015e-27,1.93545e-27,1.98011e-27,2.02576e-27,2.07057e-27,2.11624e-27,2.16092e-27,2.20696e-27,2.25184e-27,2.29795e-27,2.34272e-27,2.38862e-27,2.4336e-27,2.47959e-27,2.52449e-27,2.57086e-27,2.61598e-27,2.66244e-27,2.70807e-27,2.75493e-27,2.8008e-27,2.84776e-27,2.89359e-27,2.94099e-27,2.98709e-27,3.03464e-27,3.08075e-27,3.12816e-27,3.17457e-27,3.22217e-27,3.2686e-27,3.31666e-27,3.36342e-27,3.41167e-27,3.45905e-27,3.5078e-27,3.55553e-27,3.60448e-27,3.65228e-27,3.70177e-27,3.75058e-27,3.80033e-27,3.84865e-27,3.89836e-27,3.9471e-27,3.9977e-27,4.0478e-27,4.09898e-27,4.14892e-27,4.20041e-27,4.25115e-27,4.30389e-27,4.35516e-27,4.40767e-27,4.45919e-27,4.51243e-27,4.56516e-27,4.61885e-27,4.67132e-27,4.72519e-27,4.77834e-27,4.83336e-27,4.88693e-27,4.94159e-27,4.99529e-27,5.05052e-27,5.10528e-27,5.16201e-27,5.21756e-27,5.27429e-27,5.33034e-27,5.38804e-27,5.44555e-27,5.50394e-27,5.56142e-27,5.62019e-27,5.67857e-27,5.73868e-27,5.79888e-27,5.86003e-27,5.92055e-27,5.98245e-27,6.04425e-27,6.10786e-27,6.17066e-27,6.23448e-27,6.29801e-27,6.363e-27,6.42822e-27,6.49411e-27,6.55952e-27,6.62604e-27,6.69263e-27,6.76077e-27,6.8283e-27,6.8966e-27,6.96484e-27,7.03433e-27,7.10434e-27,7.17608e-27,7.24773e-27,7.32045e-27,7.39374e-27,7.46875e-27,7.54511e-27,7.6228e-27,7.7018e-27,7.78363e-27,7.86926e-27,7.96179e-27,8.06554e-27,8.18898e-27,8.35024e-27,8.58646e-27,8.96418e-27,9.55362e-27,1.0077e-26,7.57864e-27
0,4.79936e-29,9.59601e-29,1.43984e-28,1.91927e-28,2.39985e-28,2.87908e-28,3.36003e-28,3.83909e-28,4.32043e-28,4.79928e-28,5.2808e-28,5.76073e-28,6.24408e-28,6.72251e-28,7.20494e-28,7.68479e-28,8.1692e-28,8.64764e-28,9.13119e-28,9.6111e-28,1.00965e-27,1.05746e-27,1.10615e-27,1.15433e-27,1.2032e-27,1.25131e-27,1.29987e-27,1.34793e-27,1.39676e-27,1.44467e-27,1.49366e-27,1.54198e-27,1.59117e-27,1.63943e-27,1.68835e-27,1.73658e-27,1.78577e-27,1.83388e-27,1.88325e-27,1.93176e-27,1.98123e-27,2.03013e-27,2.07975e-27,2.12843e-27,2.17878e-27,2.22782e-27,2.27837e-27,2.32738e-27,2.37761e-27,2.42719e-27,2.4777e-27,2.52733e-27,2.57773e-27,2.62689e-27,2.67775e-27,2.72699e-27,2.77758e-27,2.82741e-27,2.87826e-27,2.92797e-27,2.97961e-27,3.02977e-27,3.08169e-27,3.13191e-27,3.18359e-27,3.23447e-27,3.28652e-27,3.33755e-27,3.38957e-27,3.44025e-27,3.49282e-27,3.54368e-27,3.59608e-27,3.64765e-27,3.70041e-27,3.75197e-27,3.80563e-27,3.85777e-27,3.91182e-27,3.96414e-27,4.01802e-27,4.07098e-27,4.12645e-27,4.1797e-27,4.23415e-27,4.28727e-27,4.34218e-27,4.39637e-27,4.45323e-27,4.50807e-27,4.56427e-27,4.61937e-27,4.67651e-27,4.7335e-27,4.7912e-27,4.84746e-27,4.90534e-27,4.9625e-27,5.02218e-27,5.07985e-27,5.13874e-27,5.19655e-27,5.25625e-27,5.31583e-27,5.37596e-27,5.4347e-27,5.49486e-27,5.55424e-27,5.61564e-27,5.67719e-27,5.7394e-27,5.8005e-27,5.86316e-27,5.92543e-27,5.99015e-27,6.05322e-27,6.11739e-27,6.18084e-27,6.24596e-27,6.311e-27,6.37857e-27,6.44479e-27,6.51219e-27,6.5792e-27,6.64804e-27,6.71745e-27,6.78735e-27,6.85656e-27,6.92713e-27,6.99774e-27,7.07059e-27,7.14223e-27,7.21475e-27,7.28704e-27,7.36087e-27,7.43545e-27,7.51023e-27,7.58453e-27,7.65992e-27,7.73553e-27,7.81284e-27,7.8914e-27,7.9704e-27,8.04951e-27,8.13006e-27,8.21164e-27,8.29573e-27,8.37986e-27,8.46554e-27,8.5529e-27,8.64364e-27,8.73919e-27,8.84411e-27,8.96388e-27,9.11863e-27,9.36106e-27,9.85429e-27,1.11531e-26,1.53016e-26,3.03222e-26
0,5.23508e-29,1.04733e-28,1.57056e-28,2.09474e-28,2.61773e-28,3.14229e-28,3.66509e-28,4.19008e-28,4.71272e-28,5.23819e-28,5.76073e-28,6.28738e-28,6.81052e-28,7.33706e-28,7.85951e-28,8.38728e-28,8.91041e-28,9.43815e-28,9.96069e-28,1.04898e-27,1.10131e-27,1.15423e-27,1.20665e-27,1.25984e-27,1.31236e-27,1.36556e-27,1.4179e-27,1.47112e-27,1.52356e-27,1.5768e-27,1.62935e-27,1.68289e-27,1.73556e-27,1.78913e-27,1.84165e-27,1.89526e-27,1.9479e-27,2.00156e-27,2.05434e-27,2.10833e-27,2.16127e-27,2.21559e-27,2.2687e-27,2.3231e-27,2.37664e-27,2.43139e-27,2.48512e-27,2.53995e-27,2.5936e-27,2.64879e-27,2.70262e-27,2.75791e-27,2.81167e-27,2.86678e-27,2.92075e-27,2.97598e-27,3.02991e-27,3.08553e-27,3.13971e-27,3.19549e-27,3.2502e-27,3.3064e-27,3.36139e-27,3.41776e-27,3.47277e-27,3.52959e-27,3.58489e-27,3.64189e-27,3.69724e-27,3.75417e-27,3.80984e-27,3.86698e-27,3.92274e-27,3.98038e-27,4.03652e-27,4.09443e-27,4.15123e-27,4.2097e-27,4.26691e-27,4.32567e-27,4.38307e-27,4.44242e-27,4.5008e-27,4.56047e-27,4.61853e-27,4.67828e-27,4.73685e-27,4.79753e-27,4.85746e-27,4.91883e-27,4.9788e-27,5.04061e-27,5.10145e-27,5.16453e-27,5.226e-27,5.28904e-27,5.35089e-27,5.41471e-27,5.47778e-27,5.54215e-27,5.60513e-27,5.6698e-27,5.73353e-27,5.79933e-27,5.86357e-27,5.92921e-27,5.99373e-27,6.06005e-27,6.12573e-27,6.19359e-27,6.26018e-27,6.32828e-27,6.39556e-27,6.46473e-27,6.53354e-27,6.60355e-27,6.67259e-27,6.7432e-27,6.81332e-27,6.8854e-27,6.95745e-27,7.03077e-27,7.10343e-27,7.17774e-27,7.25186e-27,7.32797e-27,7.40329e-27,7.4799e-27,7.55616e-27,7.63408e-27,7.7121e-27,7.79107e-27,7.86955e-27,7.94933e-27,8.02908e-27,8.11051e-27,8.19134e-27,8.27315e-27,8.35487e-27,8.438e-27,8.52159e-27,8.60703e-27,8.69242e-27,8.77907e-27,8.86625e-27,8.95516e-27,9.04517e-27,9.13626e-27,9.22788e-27,9.3209e-27,9.41488e-27,9.51054e-27,9.60747e-27,9.70485e-27,9.80042e-27,9.8871e-27,9.94127e-27,9.90305e-27,9.65454e-27,9.09437e-27
0,5.67395e-29,1.13447e-28,1.70222e-28,2.26902e-28,2.83718e-28,3.40374e-28,3.97234e-28,4.53872e-28,5.10783e-28,5.67414e-28,6.24408e-28,6.81052e-28,7.38103e-28,7.94752e-28,8.51872e-28,9.08513e-28,9.65691e-28,1.02234e-27,1.0796e-27,1.13626e-27,1.19361e-27,1.25036e-27,1.30785e-27,1.36467e-27,1.42228e-27,1.47909e-27,1.53674e-27,1.59352e-27,1.65122e-27,1.70809e-27,1.76595e-27,1.82292e-27,1.88092e-27,1.9379e-27,1.99597e-27,2.05296e-27,2.11109e-27,2.16821e-27,2.22654e-27,2.28382e-27,2.34246e-27,2.39993e-27,2.45883e-27,2.5166e-27,2.57573e-27,2.63377e-27,2.69314e-27,2.7513e-27,2.81089e-27,2.86912e-27,2.92889e-27,2.98719e-27,3.04699e-27,3.10535e-27,3.16515e-27,3.22361e-27,3.28366e-27,3.34226e-27,3.4026e-27,3.46158e-27,3.52225e-27,3.5816e-27,3.64258e-27,3.70216e-27,3.76346e-27,3.82322e-27,3.88479e-27,3.94474e-27,4.00644e-27,4.06657e-27,4.1284e-27,4.18875e-27,4.25093e-27,4.31157e-27,4.37416e-27,4.43532e-27,4.49837e-27,4.56005e-27,4.62355e-27,4.68563e-27,4.74964e-27,4.81226e-27,4.87668e-27,4.93967e-27,5.00442e-27,5.06769e-27,5.13299e-27,5.19709e-27,5.26316e-27,5.32801e-27,5.39477e-27,5.46025e-27,5.52781e-27,5.594e-27,5.66221e-27,5.72905e-27,5.7978e-27,5.86536e-27,5.93473e-27,6.00291e-27,6.07284e-27,6.1415e-27,6.21207e-27,6.28133e-27,6.35243e-27,6.42222e-27,6.49378e-27,6.56435e-27,6.63693e-27,6.70851e-27,6.78205e-27,6.8546e-27,6.92898e-27,7.00259e-27,7.07792e-27,7.15249e-27,7.22872e-27,7.30417e-27,7.38152e-27,7.45843e-27,7.53714e-27,7.61543e-27,7.69543e-27,7.77498e-27,7.85637e-27,7.93726e-27,8.01989e-27,8.10203e-27,8.18578e-27,8.26925e-27,8.35417e-27,8.43882e-27,8.52483e-27,8.61053e-27,8.69771e-27,8.78455e-27,8.87279e-27,8.96075e-27,9.05002e-27,9.1394e-27,9.23038e-27,9.32156e-27,9.41433e-27,9.50745e-27,9.60212e-27,9.69744e-27,9.79418e-27,9.89147e-27,9.98973e-27,1.00878e-26,1.01856e-26,1.0281e-26,1.03708e-26,1.04475e-26,1.04918e-26,1.0446e-26,1.01216e-26,8.8631e-27,4.31937e-27,-1.21335e-26
0,6.10909e-29,1.22218e-28,1.83277e-28,2.44446e-28,3.05477e-28,3.66691e-28,4.27699e-28,4.88963e-28,5.49954e-28,6.11273e-28,6.72251e-28,7.33706e-28,7.94752e-28,8.56194e-28,9.17162e-28,9.78748e-28,1.03979e-27,1.10138e-27,1.16236e-27,1.22409e-27,1.28517e-27,1.34691e-27,1.40808e-27,1.47015e-27,1.53142e-27,1.5935e-27,1.65458e-27,1.71668e-27,1.77787e-27,1.84e-27,1.90132e-27,1.96379e-27,2.02524e-27,2.08775e-27,2.14903e-27,2.21159e-27,2.27302e-27,2.33563e-27,2.39723e-27,2.46022e-27,2.52199e-27,2.58537e-27,2.64733e-27,2.7108e-27,2.77327e-27,2.83714e-27,2.89981e-27,2.96378e-27,3.02636e-27,3.09074e-27,3.15354e-27,3.21803e-27,3.28076e-27,3.34506e-27,3.40803e-27,3.47246e-27,3.53539e-27,3.60028e-27,3.6635e-27,3.72856e-27,3.79238e-27,3.85794e-27,3.92207e-27,3.98782e-27,4.05199e-27,4.11825e-27,4.18276e-27,4.24923e-27,4.3138e-27,4.3802e-27,4.44514e-27,4.5118e-27,4.57684e-27,4.64408e-27,4.70956e-27,4.77711e-27,4.84335e-27,4.91152e-27,4.97825e-27,5.04678e-27,5.11371e-27,5.18291e-27,5.25097e-27,5.32056e-27,5.38828e-27,5.45798e-27,5.52629e-27,5.59705e-27,5.66691e-27,5.73846e-27,5.80838e-27,5.88045e-27,5.95138e-27,6.0249e-27,6.09655e-27,6.17004e-27,6.24215e-27,6.31654e-27,6.39005e-27,6.46507e-27,6.53849e-27,6.61388e-27,6.68816e-27,6.76485e-27,6.83973e-27,6.91626e-27,6.9915e-27,7.06882e-27,7.14537e-27,7.22446e-27,7.30208e-27,7.38146e-27,7.45989e-27,7.54052e-27,7.62071e-27,7.70233e-27,7.78283e-27,7.86518e-27,7.94694e-27,8.03099e-27,8.11497e-27,8.20046e-27,8.2852e-27,8.37185e-27,8.45827e-27,8.54701e-27,8.63483e-27,8.72417e-27,8.81309e-27,8.90394e-27,8.99488e-27,9.08693e-27,9.17839e-27,9.27134e-27,9.36423e-27,9.45901e-27,9.55305e-27,9.64821e-27,9.74319e-27,9.83974e-27,9.93671e-27,1.00357e-26,1.01346e-26,1.02349e-26,1.03357e-26,1.04383e-26,1.05419e-26,1.06464e-26,1.07507e-26,1.0855e-26,1.09574e-26,1.10562e-26,1.1147e-26,1.12225e-26,1.12725e-26,1.1283e-26,1.12348e-26,1.11085e-26,1.0893e-26,1.06101e-26
0,6.54791e-29,1.30921e-28,1.96442e-28,2.61852e-28,3.27419e-28,3.92802e-28,4.5842e-28,5.2378e-28,5.89452e-28,6.54789e-28,7.20494e-28,7.85951e-28,8.51872e-28,9.17162e-28,9.82995e-28,1.04844e-27,1.11451e-27,1.1798e-27,1.24579e-27,1.31125e-27,1.37747e-27,1.44274e-27,1.50914e-27,1.57484e-27,1.64145e-27,1.70706e-27,1.77336e-27,1.83892e-27,1.90554e-27,1.97094e-27,2.03776e-27,2.10363e-27,2.17068e-27,2.2365e-27,2.30327e-27,2.36907e-27,2.43618e-27,2.50186e-27,2.56921e-27,2.63536e-27,2.70286e-27,2.7695e-27,2.83722e-27,2.90366e-27,2.97223e-27,3.03911e-27,3.10795e-27,3.17483e-27,3.24336e-27,3.31089e-27,3.37976e-27,3.44736e-27,3.51612e-27,3.58323e-27,3.65253e-27,3.71974e-27,3.78878e-27,3.85669e-27,3.92607e-27,3.99389e-27,4.06421e-27,4.1326e-27,4.20329e-27,4.27179e-27,4.34227e-27,4.41155e-27,4.48249e-27,4.55198e-27,4.62293e-27,4.69206e-27,4.76367e-27,4.83306e-27,4.90454e-27,4.97479e-27,5.04675e-27,5.11707e-27,5.19012e-27,5.26117e-27,5.33474e-27,5.40609e-27,5.47956e-27,5.55171e-27,5.62704e-27,5.6996e-27,5.77389e-27,5.84641e-27,5.92132e-27,5.99515e-27,6.07237e-27,6.14706e-27,6.22368e-27,6.29881e-27,6.37661e-27,6.45397e-27,6.53252e-27,6.60921e-27,6.6881e-27,6.76591e-27,6.84692e-27,6.92543e-27,7.00567e-27,7.08447e-27,7.16573e-27,7.2466e-27,7.32847e-27,7.40855e-27,7.49059e-27,7.57155e-27,7.65513e-27,7.73868e-27,7.82336e-27,7.90662e-27,7.992e-27,8.07677e-27,8.16464e-27,8.25052e-27,8.33801e-27,8.42457e-27,8.51336e-27,8.60196e-27,8.69375e-27,8.78394e-27,8.87583e-27,8.96721e-27,9.06098e-27,9.15531e-27,9.25053e-27,9.3449e-27,9.44112e-27,9.5373e-27,9.63625e-27,9.73378e-27,9.83255e-27,9.93095e-27,1.00313e-26,1.01323e-26,1.02338e-26,1.03345e-26,1.04367e-26,1.05389e-26,1.06432e-26,1.07487e-26,1.08549e-26,1.09611e-26,1.1069e-26,1.11779e-26,1.12896e-26,1.14008e-26,1.15127e-26,1.1624e-26,1.17341e-26,1.184e-26,1.19388e-26,1.20229e-26,1.20935e-26,1.21789e-26,1.24273e-26,1.3443e-26,1.75344e-26,3.33537e-26
0,6.98359e-29,1.39714e-28,2.09513e-28,2.79437e-28,3.49205e-28,4.19181e-28,4.88922e-28,5.58955e-28,6.28676e-28,6.98772e-28,7.68479e-28,8.38728e-28,9.08513e-28,9.78748e-28,1.04844e-27,1.11884e-27,1.18863e-27,1.25902e-27,1.32873e-27,1.3993e-27,1.46911e-27,1.53969e-27,1.60962e-27,1.68056e-27,1.7506e-27,1.82156e-27,1.89138e-27,1.96236e-27,2.03231e-27,2.10332e-27,2.17341e-27,2.24481e-27,2.31505e-27,2.3865e-27,2.45655e-27,2.52804e-27,2.59826e-27,2.66983e-27,2.74023e-27,2.81222e-27,2.88283e-27,2.95526e-27,3.02608e-27,3.09862e-27,3.17001e-27,3.243e-27,3.31464e-27,3.38774e-27,3.45927e-27,3.53284e-27,3.60461e-27,3.67831e-27,3.74999e-27,3.82347e-27,3.89543e-27,3.96906e-27,4.04098e-27,4.11513e-27,4.18736e-27,4.26171e-27,4.33464e-27,4.40954e-27,4.48283e-27,4.55796e-27,4.63128e-27,4.70698e-27,4.78069e-27,4.85664e-27,4.93041e-27,5.00628e-27,5.08047e-27,5.15662e-27,5.23094e-27,5.30775e-27,5.38256e-27,5.45972e-27,5.53539e-27,5.61327e-27,5.6895e-27,5.76777e-27,5.84423e-27,5.92327e-27,6.00102e-27,6.0805e-27,6.15785e-27,6.23745e-27,6.31548e-27,6.39629e-27,6.47607e-27,6.55778e-27,6.63764e-27,6.71994e-27,6.80094e-27,6.88489e-27,6.96671e-27,7.05063e-27,7.13297e-27,7.21791e-27,7.30184e-27,7.3875e-27,7.47133e-27,7.5574e-27,7.64221e-27,7.72976e-27,7.81525e-27,7.90262e-27,7.98851e-27,8.07678e-27,8.16418e-27,8.25446e-27,8.34307e-27,8.4337e-27,8.52324e-27,8.61529e-27,8.70685e-27,8.80003e-27,8.89194e-27,8.98597e-27,9.07934e-27,9.17532e-27,9.27123e-27,9.36886e-27,9.46565e-27,9.56462e-27,9.66334e-27,9.76472e-27,9.86505e-27,9.96711e-27,1.00687e-26,1.01725e-26,1.02764e-26,1.03815e-26,1.0486e-26,1.05921e-26,1.06981e-26,1.08062e-26,1.09134e-26,1.10218e-26,1.11299e-26,1.12396e-26,1.13498e-26,1.14622e-26,1.15743e-26,1.16879e-26,1.18021e-26,1.19185e-26,1.20363e-26,1.21556e-26,1.22755e-26,1.23965e-26,1.25168e-26,1.26347e-26,1.27448e-26,1.28381e-26,1.29008e-26,1.29145e-26,1.28551e-26,1.27019e-26,1.24484e-26,1.21258e-26
0,7.42347e-29,1.48428e-28,2.22709e-28,2.96866e-28,3.71199e-28,4.45325e-28,5.19716e-28,5.93818e-28,6.68274e-28,7.42365e-28,8.1692e-28,8.91041e-28,9.65691e-28,1.03979e-27,1.11451e-27,1.18863e-27,1.26344e-27,1.33755e-27,1.41244e-27,1.48658e-27,1.5616e-27,1.63581e-27,1.71102e-27,1.78538e-27,1.86076e-27,1.93508e-27,2.01047e-27,2.08475e-27,2.16023e-27,2.2346e-27,2.31028e-27,2.38482e-27,2.4607e-27,2.53526e-27,2.61117e-27,2.68572e-27,2.76175e-27,2.83643e-27,2.91272e-27,2.98765e-27,3.06431e-27,3.13953e-27,3.21651e-27,3.29204e-27,3.36942e-27,3.44531e-27,3.523e-27,3.59903e-27,3.67691e-27,3.75312e-27,3.83125e-27,3.90754e-27,3.98568e-27,4.06196e-27,4.14019e-27,4.21659e-27,4.29506e-27,4.37172e-27,4.45057e-27,4.52765e-27,4.607e-27,4.68457e-27,4.76434e-27,4.84219e-27,4.92228e-27,5.00045e-27,5.08091e-27,5.15932e-27,5.23992e-27,5.31848e-27,5.39931e-27,5.47816e-27,5.55937e-27,5.63865e-27,5.7204e-27,5.80029e-27,5.8827e-27,5.96329e-27,6.04629e-27,6.12737e-27,6.21093e-27,6.29274e-27,6.37703e-27,6.4593e-27,6.54381e-27,6.62639e-27,6.7116e-27,6.79531e-27,6.88172e-27,6.9664e-27,7.05352e-27,7.13897e-27,7.22716e-27,7.31373e-27,7.40277e-27,7.48997e-27,7.57966e-27,7.66785e-27,7.75854e-27,7.84752e-27,7.93873e-27,8.0283e-27,8.12038e-27,8.2109e-27,8.30367e-27,8.39469e-27,8.488e-27,8.58003e-27,8.67472e-27,8.76827e-27,8.86422e-27,8.95883e-27,9.05585e-27,9.1519e-27,9.25035e-27,9.34766e-27,9.44709e-27,9.54553e-27,9.64645e-27,9.74686e-27,9.84977e-27,9.95201e-27,1.00564e-26,1.01603e-26,1.02666e-26,1.03725e-26,1.04804e-26,1.05877e-26,1.06971e-26,1.08062e-26,1.09173e-26,1.10278e-26,1.11401e-26,1.12519e-26,1.13655e-26,1.14788e-26,1.15936e-26,1.17078e-26,1.18235e-26,1.19392e-26,1.20567e-26,1.21743e-26,1.22937e-26,1.24133e-26,1.25349e-26,1.26575e-26,1.27825e-26,1.2909e-26,1.30383e-26,1.31696e-26,1.33035e-26,1.34377e-26,1.35682e-26,1.36836e-26,1.37582e-26,1.37234e-26,1.33782e-26,1.20606e-26,7.43194e-27,-9.10203e-27
0,7.85867e-29,1.5722e-28,2.35765e-28,3.14451e-28,3.92961e-28,4.71703e-28,5.50183e-28,6.28989e-28,7.07446e-28,7.86322e-28,8.64764e-28,9.43815e-28,1.02234e-27,1.10138e-27,1.1798e-27,1.25902e-27,1.33755e-27,1.41676e-27,1.49519e-27,1.5746e-27,1.65315e-27,1.73257e-27,1.81126e-27,1.89109e-27,1.96991e-27,2.04975e-27,2.12831e-27,2.20818e-27,2.28688e-27,2.36678e-27,2.44565e-27,2.52599e-27,2.60502e-27,2.68541e-27,2.76422e-27,2.84465e-27,2.92365e-27,3.00416e-27,3.08336e-27,3.16435e-27,3.24379e-27,3.32527e-27,3.40496e-27,3.48656e-27,3.5669e-27,3.64902e-27,3.72962e-27,3.81186e-27,3.89234e-27,3.9751e-27,4.05586e-27,4.13876e-27,4.2194e-27,4.30205e-27,4.38299e-27,4.4658e-27,4.54668e-27,4.63008e-27,4.71133e-27,4.79494e-27,4.87698e-27,4.96123e-27,5.04368e-27,5.12818e-27,5.21066e-27,5.2958e-27,5.37872e-27,5.46413e-27,5.5471e-27,5.63241e-27,5.71584e-27,5.80146e-27,5.88502e-27,5.97139e-27,6.0555e-27,6.14226e-27,6.22736e-27,6.31493e-27,6.40065e-27,6.48866e-27,6.57463e-27,6.6635e-27,6.75093e-27,6.84027e-27,6.92722e-27,7.01668e-27,7.10438e-27,7.19521e-27,7.28491e-27,7.37676e-27,7.46653e-27,7.55904e-27,7.65009e-27,7.74446e-27,7.83644e-27,7.93075e-27,8.0233e-27,8.11876e-27,8.2131e-27,8.30937e-27,8.40358e-27,8.50029e-27,8.5956e-27,8.69398e-27,8.79004e-27,8.88818e-27,8.98467e-27,9.08382e-27,9.18202e-27,9.28346e-27,9.38303e-27,9.48485e-27,9.58547e-27,9.6889e-27,9.79179e-27,9.89649e-27,9.99976e-27,1.01054e-26,1.02103e-26,1.03182e-26,1.0426e-26,1.05358e-26,1.06446e-26,1.07559e-26,1.08669e-26,1.09809e-26,1.10938e-26,1.12086e-26,1.13228e-26,1.14396e-26,1.15565e-26,1.16747e-26,1.17922e-26,1.19115e-26,1.20306e-26,1.21521e-26,1.22724e-26,1.2394e-26,1.25151e-26,1.26379e-26,1.2761e-26,1.28864e-26,1.30113e-26,1.31378e-26,1.32648e-26,1.33944e-26,1.35262e-26,1.36607e-26,1.37979e-26,1.39404e-26,1.40885e-26,1.42441e-26,1.44062e-26,1.45702e-26,1.47242e-26,1.48424e-26,1.48726e-26,1.47308e-26,1.43205e-26,1.36416e-26
0,8.29856e-29,1.65925e-28,2.48962e-28,3.31861e-28,4.14956e-28,4.9782e-28,5.80978e-28,6.63812e-28,7.47037e-28,8.29843e-28,9.13119e-28,9.96069e-28,1.0796e-27,1.16236e-27,1.24579e-27,1.32873e-27,1.41244e-27,1.49519e-27,1.57882e-27,1.66176e-27,1.74566e-27,1.8284e-27,1.91253e-27,1.99579e-27,2.08019e-27,2.16334e-27,2.24737e-27,2.33043e-27,2.41481e-27,2.49772e-27,2.58237e-27,2.66583e-27,2.75078e-27,2.83418e-27,2.91879e-27,3.00214e-27,3.08713e-27,3.17036e-27,3.25565e-27,3.33945e-27,3.42497e-27,3.50936e-27,3.59516e-27,3.67936e-27,3.76619e-27,3.85095e-27,3.93812e-27,4.02288e-27,4.1097e-27,4.19522e-27,4.28247e-27,4.36807e-27,4.45517e-27,4.54017e-27,4.62787e-27,4.71299e-27,4.80042e-27,4.88637e-27,4.97422e-27,5.06013e-27,5.14914e-27,5.23576e-27,5.32523e-27,5.412e-27,5.50127e-27,5.58897e-27,5.67879e-27,5.76674e-27,5.85656e-27,5.94409e-27,6.03466e-27,6.1225e-27,6.21296e-27,6.30182e-27,6.39289e-27,6.48191e-27,6.5743e-27,6.66425e-27,6.75729e-27,6.84761e-27,6.94061e-27,7.03192e-27,7.12712e-27,7.21892e-27,7.31288e-27,7.40461e-27,7.49935e-27,7.59274e-27,7.69029e-27,7.78478e-27,7.88169e-27,7.97674e-27,8.07514e-27,8.17286e-27,8.27221e-27,8.36921e-27,8.46897e-27,8.56737e-27,8.66967e-27,8.76894e-27,8.87038e-27,8.97e-27,9.07271e-27,9.17482e-27,9.27826e-27,9.37944e-27,9.48308e-27,9.58538e-27,9.69098e-27,9.79645e-27,9.90346e-27,1.00087e-26,1.01166e-26,1.02237e-26,1.03347e-26,1.04432e-26,1.05538e-26,1.06632e-26,1.07754e-26,1.08875e-26,1.10034e-26,1.11175e-26,1.12338e-26,1.13494e-26,1.14681e-26,1.15875e-26,1.1708e-26,1.18276e-26,1.19495e-26,1.20713e-26,1.21965e-26,1.232e-26,1.24451e-26,1.25697e-26,1.26965e-26,1.28241e-26,1.29521e-26,1.3079e-26,1.32073e-26,1.33355e-26,1.34658e-26,1.35973e-26,1.37291e-26,1.38607e-26,1.39942e-26,1.41291e-26,1.42681e-26,1.44085e-26,1.45538e-26,1.47053e-26,1.48677e-26,1.50446e-26,1.52429e-26,1.54666e-26,1.57271e-26,1.605e-26,1.65405e-26,1.76691e-26,2.14779e-26,3.63851e-26
0,8.7344e-29,1.74739e-28,2.62038e-28,3.49491e-28,4.36749e-28,5.24265e-28,6.11489e-28,6.99073e-28,7.86269e-28,8.73928e-28,9.6111e-28,1.04898e-27,1.13626e-27,1.22409e-27,1.31125e-27,1.3993e-27,1.48658e-27,1.5746e-27,1.66176e-27,1.75001e-27,1.83731e-27,1.92556e-27,2.01302e-27,2.10176e-27,2.18938e-27,2.27812e-27,2.36541e-27,2.45415e-27,2.5416e-27,2.63037e-27,2.71803e-27,2.80733e-27,2.89519e-27,2.98452e-27,3.07208e-27,3.16144e-27,3.24921e-27,3.33863e-27,3.42664e-27,3.51662e-27,3.60489e-27,3.69544e-27,3.78397e-27,3.87463e-27,3.96393e-27,4.0552e-27,4.14479e-27,4.23616e-27,4.32558e-27,4.41757e-27,4.50732e-27,4.59945e-27,4.68903e-27,4.78082e-27,4.87074e-27,4.96269e-27,5.05252e-27,5.14514e-27,5.23538e-27,5.32825e-27,5.41942e-27,5.51303e-27,5.60465e-27,5.69851e-27,5.79013e-27,5.88473e-27,5.97686e-27,6.07176e-27,6.1639e-27,6.25861e-27,6.35128e-27,6.44633e-27,6.5391e-27,6.63499e-27,6.72839e-27,6.82471e-27,6.91925e-27,7.0165e-27,7.11172e-27,7.20942e-27,7.30487e-27,7.40358e-27,7.50075e-27,7.59995e-27,7.69641e-27,7.79562e-27,7.89291e-27,7.99375e-27,8.09342e-27,8.1954e-27,8.29501e-27,8.39766e-27,8.49876e-27,8.6036e-27,8.70572e-27,8.81036e-27,8.91304e-27,9.01902e-27,9.12381e-27,9.23067e-27,9.33518e-27,9.44246e-27,9.54824e-27,9.65749e-27,9.76409e-27,9.87289e-27,9.97984e-27,1.00898e-26,1.01987e-26,1.03114e-26,1.04219e-26,1.05348e-26,1.06464e-26,1.07612e-26,1.08754e-26,1.09916e-26,1.11061e-26,1.12232e-26,1.13396e-26,1.14593e-26,1.15791e-26,1.1701e-26,1.18217e-26,1.19453e-26,1.20686e-26,1.21953e-26,1.23207e-26,1.24483e-26,1.25752e-26,1.2705e-26,1.2835e-26,1.29665e-26,1.3097e-26,1.32296e-26,1.3362e-26,1.3497e-26,1.36305e-26,1.37653e-26,1.38993e-26,1.4035e-26,1.41709e-26,1.4309e-26,1.44462e-26,1.45845e-26,1.47229e-26,1.48638e-26,1.50069e-26,1.5153e-26,1.53033e-26,1.54623e-26,1.56342e-26,1.58278e-26,1.60538e-26,1.63275e-26,1.66686e-26,1.70929e-26,1.75733e-26,1.79273e-26,1.75374e-26,1.51573e-26
