0,0,0,0,0,0,0,0,0,0,0,0,0,0,0,0,0,0,0,0,0,0,0,0,0,0,0,0,0,0,0,0,0,0,0,0,0,0,0,0,0,0,0,0,0,0,0,0,0,0,0,0,0,0,0,0,0,0,0,0,0,0,0,0,0,0,0,0,0,0,0,0,0,0,0,0,0,0,0,0,0,0,0,0,0,0,0,0,0,0,0,0,0,0,0,0,0,0,0,0,0,0,0,0,0,0,0,0,0,0,0,0,0,0,0,0,0,0,0,0,0,0,0,0,0,0,0,0,0,0,0,0,0,0,0,0,0,0,0,0,0,0,0,0,0,0,0,0,0,0,0,0,0,0,0,0,0,0,0,0,0
0,4.35012e-30,8.69888e-30,1.30507e-29,1.73985e-29,2.17523e-29,2.60995e-29,3.04558e-29,3.48026e-29,3.91617e-29,4.35087e-29,4.78709e-29,5.22238e-29,5.65949e-29,6.09432e-29,6.53128e-29,6.96678e-29,7.4047e-29,7.83984e-29,8.27769e-29,8.71358e-29,9.15248e-29,9.5881e-29,1.00281e-28,1.04656e-28,1.09067e-28,1.13441e-28,1.17842e-28,1.22214e-28,1.26627e-28,1.30998e-28,1.35424e-28,1.39816e-28,1.44255e-28,1.48647e-28,1.53078e-28,1.57472e-28,1.61917e-28,1.66312e-28,1.70772e-28,1.75192e-28,1.79668e-28,1.84113e-28,1.88606e-28,1.93055e-28,1.97587e-28,2.02063e-28,2.06613e-28,2.11094e-28,2.1564e-28,2.20149e-28,2.24714e-28,2.29229e-28,2.33792e-28,2.38293e-28,2.42875e-28,2.47385e-28,2.51968e-28,2.56509e-28,2.61114e-28,2.65666e-28,2.70317e-28,2.74903e-28,2.79579e-28,2.84179e-28,2.88858e-28,2.93494e-28,2.982e-28,3.02852e-28,3.07564e-28,3.12211e-28,3.16952e-28,3.21617e-28,3.26367e-28,3.31074e-28,3.35857e-28,3.40586e-28,3.45425e-28,3.502e-28,3.55074e-28,3.59875e-28,3.64765e-28,3.69615e-28,3.74588e-28,3.79467e-28,3.84416e-28,3.89306e-28,3.94298e-28,3.99265e-28,4.04368e-28,4.09393e-28,4.14501e-28,4.19565e-28,4.24745e-28,4.29915e-28,4.35147e-28,4.40317e-28,4.45582e-28,4.50819e-28,4.56183e-28,4.61468e-28,4.66826e-28,4.7214e-28,4.7756e-28,4.82969e-28,4.88431e-28,4.93832e-28,4.99319e-28,5.0478e-28,5.10358e-28,5.15947e-28,5.216e-28,5.27212e-28,5.32921e-28,5.38624e-28,5.44456e-28,5.50233e-28,5.56084e-28,5.61915e-28,5.67853e-28,5.73807e-28,5.799e-28,5.85959e-28,5.92101e-28,5.98246e-28,6.04505e-28,6.10803e-28,6.17161e-28,6.23507e-28,6.29944e-28,6.36406e-28,6.42992e-28,6.49552e-28,6.56183e-28,6.62826e-28,6.69573e-28,6.76372e-28,6.83222e-28,6.90078e-28,6.97021e-28,7.0401e-28,7.11122e-28,7.1832e-28,7.25586e-28,7.32884e-28,7.4027e-28,7.47699e-28,7.552e-28,7.62612e-28,7.69904e-28,7.76926e-28,7.83524e-28,7.89395e-28,7.9418e-28,7.97274e-28,7.98115e-28,7.96108e-28,7.90846e-28,7.82283e-28,7.70888e-28,7.57864e-28
0,8.69888e-30,1.74008e-29,2.60974e-29,3.4803e-29,4.34979e-29,5.22081e-29,6.0902e-29,6.96174e-29,7.83112e-29,8.70325e-29,9.5727e-29,1.04466e-28,1.13172e-28,1.21908e-28,1.30606e-28,1.3936e-28,1.48071e-28,1.56824e-28,1.65529e-28,1.74301e-28,1.83022e-28,1.91794e-28,2.00531e-28,2.09348e-28,2.18102e-28,2.26919e-28,2.35649e-28,2.44468e-28,2.53217e-28,2.62039e-28,2.70808e-28,2.79678e-28,2.88468e-28,2.97343e-28,3.06112e-28,3.14993e-28,3.23787e-28,3.32676e-28,3.41496e-28,3.50438e-28,3.59286e-28,3.68282e-28,3.77159e-28,3.86168e-28,3.9512e-28,4.04185e-28,4.13169e-28,4.22249e-28,4.31223e-28,4.40361e-28,4.49368e-28,4.58523e-28,4.67522e-28,4.76652e-28,4.85688e-28,4.94837e-28,5.03871e-28,5.13086e-28,5.22162e-28,5.31402e-28,5.40567e-28,5.49877e-28,5.5909e-28,5.68428e-28,5.77648e-28,5.8706e-28,5.96331e-28,6.05776e-28,6.15057e-28,6.24494e-28,6.33832e-28,6.43306e-28,6.52662e-28,6.62221e-28,6.7164e-28,6.81245e-28,6.90775e-28,7.00471e-28,7.10073e-28,7.19821e-28,7.29455e-28,7.39301e-28,7.49099e-28,7.59004e-28,7.68755e-28,7.7868e-28,7.88519e-28,7.98597e-28,8.08658e-28,8.18852e-28,8.28924e-28,8.39195e-28,8.49412e-28,8.59893e-28,8.70216e-28,8.80696e-28,8.91086e-28,9.01698e-28,9.12289e-28,9.22995e-28,9.33576e-28,9.44336e-28,9.55042e-28,9.65992e-28,9.76786e-28,9.87716e-28,9.98561e-28,1.00961e-27,1.02064e-27,1.03194e-27,1.04312e-27,1.05447e-27,1.06577e-27,1.07729e-27,1.08884e-27,1.1005e-27,1.11209e-27,1.12386e-27,1.13563e-27,1.14765e-27,1.15973e-27,1.17194e-27,1.18413e-27,1.19652e-27,1.20894e-27,1.22163e-27,1.23425e-27,1.24703e-27,1.25982e-27,1.27283e-27,1.28592e-27,1.29911e-27,1.3123e-27,1.32566e-27,1.33908e-27,1.35274e-27,1.36637e-27,1.38014e-27,1.39397e-27,1.408e-27,1.42217e-27,1.43662e-27,1.4511e-27,1.46575e-27,1.4805e-27,1.49543e-27,1.51044e-27,1.52538e-27,1.54007e-27,1.55434e-27,1.5678e-27,1.57997e-27,1.59003e-27,1.59684e-27,1.5991e-27,1.59553e-27,1.58505e-27,1.5674e-27,1.54341e-27,1.51573e-27
0,1.30507e-29,2.60974e-29,3.91532e-29,5.21968e-29,6.52587e-29,7.83004e-29,9.13696e-29,1.04411e-28,1.17488e-28,1.30529e-28,1.43616e-28,1.56675e-28,1.69789e-28,1.82834e-28,1.95943e-28,2.09009e-28,2.22147e-28,2.35201e-28,2.48337e-28,2.61414e-28,2.74581e-28,2.8765e-28,3.0085e-28,3.13976e-28,3.2721e-28,3.4033e-28,3.53534e-28,3.6665e-28,3.7989e-28,3.93003e-28,4.06281e-28,4.19458e-28,4.32774e-28,4.45951e-28,4.59244e-28,4.72424e-28,4.85759e-28,4.98945e-28,5.12326e-28,5.25584e-28,5.39013e-28,5.52347e-28,5.65826e-28,5.79174e-28,5.9277e-28,6.06197e-28,6.19847e-28,6.33291e-28,6.4693e-28,6.60456e-28,6.74152e-28,6.87697e-28,7.01385e-28,7.14887e-28,7.28635e-28,7.42163e-28,7.55911e-28,7.69533e-28,7.83348e-28,7.97005e-28,8.10957e-28,8.24715e-28,8.38742e-28,8.52541e-28,8.6658e-28,8.80487e-28,8.94606e-28,9.08559e-28,9.22695e-28,9.36634e-28,9.50857e-28,9.64851e-28,9.79101e-28,9.93221e-28,1.00757e-27,1.02175e-27,1.03627e-27,1.05059e-27,1.06522e-27,1.07962e-27,1.09429e-27,1.10884e-27,1.12375e-27,1.13839e-27,1.15323e-27,1.1679e-27,1.18288e-27,1.19777e-27,1.21308e-27,1.22816e-27,1.24348e-27,1.25867e-27,1.27421e-27,1.28972e-27,1.30541e-27,1.32092e-27,1.33671e-27,1.35242e-27,1.36851e-27,1.38437e-27,1.40044e-27,1.41638e-27,1.43264e-27,1.44886e-27,1.46525e-27,1.48145e-27,1.4979e-27,1.51428e-27,1.53102e-27,1.54778e-27,1.56474e-27,1.58157e-27,1.59869e-27,1.6158e-27,1.6333e-27,1.65062e-27,1.66817e-27,1.68566e-27,1.70348e-27,1.72134e-27,1.73961e-27,1.75779e-27,1.77621e-27,1.79464e-27,1.81342e-27,1.83231e-27,1.85138e-27,1.87042e-27,1.88973e-27,1.90911e-27,1.92886e-27,1.94854e-27,1.96843e-27,1.98835e-27,2.00858e-27,2.02897e-27,2.04951e-27,2.07007e-27,2.09088e-27,2.11184e-27,2.13317e-27,2.15476e-27,2.17657e-27,2.19849e-27,2.22071e-27,2.24311e-27,2.2658e-27,2.28836e-27,2.31075e-27,2.3326e-27,2.35354e-27,2.37275e-27,2.38918e-27,2.40094e-27,2.406e-27,2.40194e-27,2.38659e-27,2.35883e-27,2.31968e-27,2.27359e-27
0,1.73985e-29,3.4803e-29,5.21968e-29,6.96088e-29,8.69993e-29,1.0442e-28,1.21809e-28,1.3924e-28,1.56628e-28,1.74072e-28,1.91461e-28,2.08939e-28,2.26353e-28,2.43824e-28,2.61221e-28,2.7873e-28,2.96154e-28,3.13659e-28,3.31069e-28,3.48615e-28,3.66056e-28,3.83602e-28,4.01077e-28,4.1871e-28,4.36219e-28,4.53855e-28,4.71314e-28,4.88954e-28,5.06451e-28,5.24096e-28,5.41634e-28,5.59374e-28,5.76954e-28,5.94704e-28,6.12243e-28,6.30005e-28,6.47592e-28,6.6537e-28,6.83009e-28,7.00892e-28,7.18588e-28,7.3658e-28,7.54335e-28,7.72353e-28,7.90257e-28,8.08389e-28,8.26357e-28,8.44518e-28,8.62465e-28,8.80742e-28,8.98757e-28,9.17066e-28,9.35065e-28,9.53322e-28,9.71395e-28,9.89691e-28,1.00776e-27,1.02618e-27,1.04434e-27,1.06282e-27,1.08115e-27,1.09976e-27,1.11819e-27,1.13687e-27,1.15531e-27,1.17413e-27,1.19267e-27,1.21156e-27,1.23012e-27,1.24899e-27,1.26767e-27,1.28661e-27,1.30532e-27,1.32444e-27,1.34327e-27,1.36248e-27,1.38154e-27,1.40093e-27,1.42013e-27,1.43963e-27,1.45889e-27,1.47858e-27,1.49818e-27,1.51798e-27,1.53748e-27,1.55733e-27,1.577e-27,1.59715e-27,1.61727e-27,1.63766e-27,1.6578e-27,1.67834e-27,1.69877e-27,1.71973e-27,1.74037e-27,1.76133e-27,1.78211e-27,1.80333e-27,1.82451e-27,1.84592e-27,1.86707e-27,1.88859e-27,1.91e-27,1.93189e-27,1.95348e-27,1.97533e-27,1.99702e-27,2.0191e-27,2.04116e-27,2.06376e-27,2.08612e-27,2.1088e-27,2.13139e-27,2.15444e-27,2.17753e-27,2.20085e-27,2.22403e-27,2.24757e-27,2.2711e-27,2.29512e-27,2.31928e-27,2.34371e-27,2.36808e-27,2.39284e-27,2.41769e-27,2.44306e-27,2.46831e-27,2.49386e-27,2.51943e-27,2.54544e-27,2.57161e-27,2.59799e-27,2.62435e-27,2.65105e-27,2.67788e-27,2.70519e-27,2.73243e-27,2.75995e-27,2.78758e-27,2.81562e-27,2.84394e-27,2.87282e-27,2.9018e-27,2.93115e-27,2.96074e-27,2.99079e-27,3.02116e-27,3.05163e-27,3.08194e-27,3.11196e-27,3.14108e-27,3.16858e-27,3.19296e-27,3.21184e-27,3.2221e-27,3.21983e-27,3.20071e-27,3.16165e-27,3.10291e-27,3.03146e-27
0,2.17523e-29,4.34979e-29,6.52587e-29,8.69993e-29,1.0877e-28,1.30508e-28,1.52291e-28,1.74026e-28,1.95823e-28,2.1756e-28,2.39373e-28,2.61139e-28,2.82996e-28,3.0474e-28,3.26589e-28,3.48366e-28,3.70263e-28,3.92021e-28,4.13914e-28,4.3571e-28,4.57656e-28,4.79439e-28,5.01439e-28,5.23319e-28,5.45376e-28,5.67245e-28,5.89251e-28,6.11112e-28,6.33178e-28,6.55035e-28,6.77164e-28,6.99127e-28,7.21321e-28,7.43284e-28,7.65438e-28,7.87404e-28,8.09629e-28,8.31604e-28,8.53904e-28,8.76001e-28,8.98382e-28,9.20605e-28,9.43071e-28,9.65318e-28,9.87979e-28,1.01036e-27,1.03311e-27,1.05552e-27,1.07825e-27,1.10079e-27,1.12362e-27,1.1462e-27,1.16901e-27,1.19151e-27,1.21442e-27,1.23697e-27,1.25988e-27,1.28258e-27,1.3056e-27,1.32836e-27,1.35161e-27,1.37454e-27,1.39792e-27,1.42092e-27,1.44432e-27,1.4675e-27,1.49102e-27,1.51428e-27,1.53784e-27,1.56107e-27,1.58477e-27,1.60809e-27,1.63183e-27,1.65536e-27,1.67927e-27,1.70291e-27,1.7271e-27,1.75097e-27,1.77534e-27,1.79933e-27,1.82378e-27,1.84803e-27,1.87288e-27,1.89727e-27,1.92201e-27,1.94645e-27,1.9714e-27,1.99622e-27,2.02173e-27,2.04685e-27,2.07238e-27,2.0977e-27,2.12359e-27,2.14943e-27,2.17559e-27,2.20143e-27,2.22775e-27,2.25393e-27,2.28074e-27,2.30716e-27,2.33394e-27,2.3605e-27,2.38759e-27,2.41462e-27,2.44192e-27,2.46891e-27,2.49633e-27,2.52362e-27,2.5515e-27,2.57943e-27,2.60768e-27,2.63573e-27,2.66426e-27,2.69277e-27,2.72192e-27,2.75079e-27,2.78003e-27,2.80917e-27,2.83885e-27,2.86861e-27,2.89906e-27,2.92934e-27,2.96005e-27,2.99076e-27,3.02205e-27,3.05353e-27,3.08531e-27,3.11702e-27,3.1492e-27,3.18149e-27,3.2144e-27,3.24718e-27,3.28031e-27,3.31349e-27,3.34718e-27,3.38113e-27,3.41533e-27,3.44955e-27,3.48421e-27,3.51909e-27,3.5546e-27,3.59056e-27,3.62691e-27,3.66349e-27,3.70064e-27,3.73823e-27,3.77653e-27,3.81495e-27,3.85363e-27,3.89225e-27,3.93059e-27,3.96771e-27,4.00232e-27,4.03138e-27,4.0509e-27,4.05473e-27,4.03506e-27,3.98411e-27,3.89891e-27,3.78932e-27
0,2.60995e-29,5.22081e-29,7.83004e-29,1.0442e-28,1.30508e-28,1.56641e-28,1.82725e-28,2.08874e-28,2.34958e-28,2.61124e-28,2.8721e-28,3.13429e-28,3.39552e-28,3.6576e-28,3.91857e-28,4.18121e-28,4.44259e-28,4.70517e-28,4.96633e-28,5.22953e-28,5.49116e-28,5.75436e-28,6.01651e-28,6.28103e-28,6.54369e-28,6.80824e-28,7.07014e-28,7.33473e-28,7.59719e-28,7.86188e-28,8.12495e-28,8.39107e-28,8.65479e-28,8.92104e-28,9.18412e-28,9.45054e-28,9.71433e-28,9.98097e-28,1.02456e-27,1.05138e-27,1.07792e-27,1.10491e-27,1.13154e-27,1.15857e-27,1.18543e-27,1.21263e-27,1.23958e-27,1.26683e-27,1.29375e-27,1.32117e-27,1.34819e-27,1.37565e-27,1.40265e-27,1.43003e-27,1.45714e-27,1.48458e-27,1.51167e-27,1.53931e-27,1.56654e-27,1.59425e-27,1.62175e-27,1.64967e-27,1.67731e-27,1.70533e-27,1.73298e-27,1.76122e-27,1.78903e-27,1.81736e-27,1.8452e-27,1.8735e-27,1.90151e-27,1.92992e-27,1.95798e-27,1.98664e-27,2.01489e-27,2.0437e-27,2.07228e-27,2.10136e-27,2.13016e-27,2.1594e-27,2.18829e-27,2.21783e-27,2.24721e-27,2.27691e-27,2.30615e-27,2.33591e-27,2.36541e-27,2.39563e-27,2.4258e-27,2.45637e-27,2.48658e-27,2.51738e-27,2.54802e-27,2.57945e-27,2.61041e-27,2.64184e-27,2.673e-27,2.70483e-27,2.73659e-27,2.76869e-27,2.80042e-27,2.83269e-27,2.86479e-27,2.89762e-27,2.92998e-27,2.96275e-27,2.99526e-27,3.02837e-27,3.06145e-27,3.09533e-27,3.12886e-27,3.16287e-27,3.19675e-27,3.2313e-27,3.26593e-27,3.3009e-27,3.33565e-27,3.37094e-27,3.40622e-27,3.44224e-27,3.47847e-27,3.51511e-27,3.55166e-27,3.5888e-27,3.62606e-27,3.6641e-27,3.70196e-27,3.74028e-27,3.77863e-27,3.81762e-27,3.85686e-27,3.89642e-27,3.93593e-27,3.97595e-27,4.01615e-27,4.05706e-27,4.09788e-27,4.1391e-27,4.18046e-27,4.22246e-27,4.26487e-27,4.30814e-27,4.35159e-27,4.39562e-27,4.44011e-27,4.48545e-27,4.53153e-27,4.5782e-27,4.62534e-27,4.67318e-27,4.72144e-27,4.76984e-27,4.81715e-27,4.86062e-27,4.89549e-27,4.91344e-27,4.90099e-27,4.84085e-27,4.71936e-27,4.54719e-27
0,3.04558e-29,6.0902e-29,9.13696e-29,1.21809e-28,1.52291e-28,1.82725e-28,2.13223e-28,2.43656e-28,2.74173e-28,3.04607e-28,3.35147e-28,3.65623e-28,3.96225e-28,4.26669e-28,4.5726e-28,4.87749e-28,5.18407e-28,5.4887e-28,5.79521e-28,6.10037e-28,6.40762e-28,6.7126e-28,7.02064e-28,7.32699e-28,7.63583e-28,7.94202e-28,8.25012e-28,8.55617e-28,8.86509e-28,9.17109e-28,9.48091e-28,9.78842e-28,1.00992e-27,1.04067e-27,1.07168e-27,1.10243e-27,1.13354e-27,1.16431e-27,1.19552e-27,1.22646e-27,1.25779e-27,1.2889e-27,1.32036e-27,1.3515e-27,1.38323e-27,1.41457e-27,1.44642e-27,1.47779e-27,1.50962e-27,1.54119e-27,1.57314e-27,1.60475e-27,1.63669e-27,1.66819e-27,1.70026e-27,1.73181e-27,1.76388e-27,1.79565e-27,1.82788e-27,1.85974e-27,1.89229e-27,1.9244e-27,1.95713e-27,1.98932e-27,2.02208e-27,2.05453e-27,2.08747e-27,2.12002e-27,2.153e-27,2.18551e-27,2.21868e-27,2.25132e-27,2.28456e-27,2.31749e-27,2.35095e-27,2.38404e-27,2.4179e-27,2.45131e-27,2.48542e-27,2.51901e-27,2.55323e-27,2.58717e-27,2.62197e-27,2.6561e-27,2.69072e-27,2.72491e-27,2.75983e-27,2.79457e-27,2.83027e-27,2.86543e-27,2.90117e-27,2.93659e-27,2.97284e-27,3.00901e-27,3.04562e-27,3.08179e-27,3.11862e-27,3.15526e-27,3.19279e-27,3.22977e-27,3.26725e-27,3.30442e-27,3.34232e-27,3.38016e-27,3.41836e-27,3.45613e-27,3.49448e-27,3.53267e-27,3.57168e-27,3.61077e-27,3.65031e-27,3.68956e-27,3.72949e-27,3.76938e-27,3.81018e-27,3.85058e-27,3.89149e-27,3.93227e-27,3.97379e-27,4.01544e-27,4.05806e-27,4.10045e-27,4.14342e-27,4.1864e-27,4.2302e-27,4.27426e-27,4.31874e-27,4.36313e-27,4.40815e-27,4.45334e-27,4.49939e-27,4.54526e-27,4.59159e-27,4.638e-27,4.68512e-27,4.73259e-27,4.78039e-27,4.82821e-27,4.87662e-27,4.92536e-27,4.97497e-27,5.02522e-27,5.07602e-27,5.12719e-27,5.17924e-27,5.23204e-27,5.28611e-27,5.34081e-27,5.39666e-27,5.45375e-27,5.51262e-27,5.57334e-27,5.63594e-27,5.69847e-27,5.75728e-27,5.8028e-27,5.81507e-27,5.75886e-27,5.59058e-27,5.30505e-27
0,3.48026e-29,6.96174e-29,1.04411e-28,1.3924e-28,1.74026e-28,2.08874e-28,2.43656e-28,2.78523e-28,3.13304e-28,3.48195e-28,3.8298e-28,4.17943e-28,4.52778e-28,4.87724e-28,5.22522e-28,5.57545e-28,5.92398e-28,6.2741e-28,6.62233e-28,6.97327e-28,7.32213e-28,7.67307e-28,8.02265e-28,8.37541e-28,8.72571e-28,9.07847e-28,9.42766e-28,9.78044e-28,1.01304e-27,1.04833e-27,1.08341e-27,1.1189e-27,1.15406e-27,1.18957e-27,1.22464e-27,1.26016e-27,1.29533e-27,1.33088e-27,1.36615e-27,1.40191e-27,1.4373e-27,1.47329e-27,1.5088e-27,1.54483e-27,1.58065e-27,1.61692e-27,1.65287e-27,1.68919e-27,1.72509e-27,1.76165e-27,1.79769e-27,1.83431e-27,1.8703e-27,1.9068e-27,1.94294e-27,1.97952e-27,2.01563e-27,2.05247e-27,2.08877e-27,2.12571e-27,2.16237e-27,2.19961e-27,2.23647e-27,2.27382e-27,2.31069e-27,2.34834e-27,2.38542e-27,2.4232e-27,2.46031e-27,2.49803e-27,2.53536e-27,2.57323e-27,2.61062e-27,2.64883e-27,2.68649e-27,2.72488e-27,2.76299e-27,2.80176e-27,2.84015e-27,2.87913e-27,2.91764e-27,2.95701e-27,2.9962e-27,3.03579e-27,3.07475e-27,3.11439e-27,3.1537e-27,3.19398e-27,3.2342e-27,3.27495e-27,3.31521e-27,3.35626e-27,3.39711e-27,3.43902e-27,3.48029e-27,3.52217e-27,3.5637e-27,3.60612e-27,3.64847e-27,3.69126e-27,3.73354e-27,3.77654e-27,3.81933e-27,3.86309e-27,3.90622e-27,3.94987e-27,3.99317e-27,4.03729e-27,4.08137e-27,4.12653e-27,4.17122e-27,4.21655e-27,4.26169e-27,4.30774e-27,4.3539e-27,4.40052e-27,4.44681e-27,4.49382e-27,4.54083e-27,4.58884e-27,4.63714e-27,4.68598e-27,4.73468e-27,4.78418e-27,4.83385e-27,4.88457e-27,4.93504e-27,4.9861e-27,5.0372e-27,5.08917e-27,5.14147e-27,5.19417e-27,5.2468e-27,5.3001e-27,5.35363e-27,5.40811e-27,5.46243e-27,5.51726e-27,5.57227e-27,5.62811e-27,5.6845e-27,5.74205e-27,5.79982e-27,5.85838e-27,5.9176e-27,5.97807e-27,6.03974e-27,6.10255e-27,6.16667e-27,6.233e-27,6.30217e-27,6.37562e-27,6.45466e-27,6.5403e-27,6.63249e-27,6.72582e-27,6.79804e-27,6.78898e-27,6.57912e-27,6.06291e-27
0,3.91617e-29,7.83112e-29,1.17488e-28,1.56628e-28,1.95823e-28,2.34958e-28,2.74173e-28,3.13304e-28,3.52544e-28,3.91675e-28,4.30944e-28,4.70135e-28,5.09488e-28,5.48632e-28,5.87964e-28,6.27171e-28,6.66594e-28,7.05761e-28,7.45168e-28,7.84405e-28,8.23911e-28,8.63119e-28,9.02731e-28,9.42134e-28,9.81855e-28,1.02123e-27,1.06084e-27,1.10018e-27,1.1399e-27,1.17923e-27,1.21907e-27,1.25862e-27,1.29859e-27,1.33813e-27,1.378e-27,1.41753e-27,1.45752e-27,1.49706e-27,1.53719e-27,1.57697e-27,1.61725e-27,1.65726e-27,1.69769e-27,1.73773e-27,1.77854e-27,1.81884e-27,1.85981e-27,1.90014e-27,1.94106e-27,1.98165e-27,2.02275e-27,2.0634e-27,2.10445e-27,2.14493e-27,2.18616e-27,2.22672e-27,2.26793e-27,2.30878e-27,2.3502e-27,2.39115e-27,2.43301e-27,2.47429e-27,2.51638e-27,2.55777e-27,2.59987e-27,2.6416e-27,2.68396e-27,2.72582e-27,2.7682e-27,2.80998e-27,2.85262e-27,2.89456e-27,2.93727e-27,2.9796e-27,3.0226e-27,3.06513e-27,3.10866e-27,3.15161e-27,3.19547e-27,3.23864e-27,3.28261e-27,3.32624e-27,3.37101e-27,3.41489e-27,3.45934e-27,3.50325e-27,3.54809e-27,3.59275e-27,3.63867e-27,3.68387e-27,3.72978e-27,3.77529e-27,3.82188e-27,3.86841e-27,3.91547e-27,3.96194e-27,4.00925e-27,4.05635e-27,4.10462e-27,4.15215e-27,4.2003e-27,4.24804e-27,4.29676e-27,4.34543e-27,4.39451e-27,4.44301e-27,4.49225e-27,4.54128e-27,4.59142e-27,4.64169e-27,4.6925e-27,4.74293e-27,4.79422e-27,4.84549e-27,4.89795e-27,4.94988e-27,5.00242e-27,5.05478e-27,5.10811e-27,5.16164e-27,5.21645e-27,5.27094e-27,5.32614e-27,5.38137e-27,5.43767e-27,5.49434e-27,5.55151e-27,5.60854e-27,5.66638e-27,5.72445e-27,5.78366e-27,5.84259e-27,5.90208e-27,5.96166e-27,6.02216e-27,6.08312e-27,6.14446e-27,6.20577e-27,6.2678e-27,6.33023e-27,6.3938e-27,6.45821e-27,6.52328e-27,6.58878e-27,6.6554e-27,6.72305e-27,6.79243e-27,6.86275e-27,6.93491e-27,7.00948e-27,7.0881e-27,7.17268e-27,7.26697e-27,7.37556e-27,7.50697e-27,7.67028e-27,7.86287e-27,8.01984e-27,7.87413e-27,6.82078e-27
0,4.35087e-29,8.70325e-29,1.30529e-28,1.74072e-28,2.1756e-28,2.61124e-28,3.04607e-28,3.48195e-28,3.91675e-28,4.35289e-28,4.78769e-28,5.2249e-28,5.6605e-28,6.09728e-28,6.5322e-28,6.97013e-28,7.40594e-28,7.84353e-28,8.27873e-28,8.71751e-28,9.15363e-28,9.59209e-28,1.00292e-27,1.04704e-27,1.09086e-27,1.13496e-27,1.17859e-27,1.22268e-27,1.26642e-27,1.31051e-27,1.35437e-27,1.39876e-27,1.44275e-27,1.48713e-27,1.53096e-27,1.57535e-27,1.61931e-27,1.66371e-27,1.7078e-27,1.75251e-27,1.79673e-27,1.84174e-27,1.88611e-27,1.93113e-27,1.97594e-27,2.02129e-27,2.06626e-27,2.11164e-27,2.15649e-27,2.20223e-27,2.24728e-27,2.29309e-27,2.33806e-27,2.38365e-27,2.42884e-27,2.47452e-27,2.51963e-27,2.5657e-27,2.61103e-27,2.65718e-27,2.70304e-27,2.74959e-27,2.7957e-27,2.84235e-27,2.88842e-27,2.93551e-27,2.98187e-27,3.02911e-27,3.07547e-27,3.12258e-27,3.16925e-27,3.21655e-27,3.26325e-27,3.31101e-27,3.35804e-27,3.40599e-27,3.45365e-27,3.50211e-27,3.55013e-27,3.59879e-27,3.64687e-27,3.69609e-27,3.74519e-27,3.79466e-27,3.84327e-27,3.89271e-27,3.94175e-27,3.99208e-27,4.04248e-27,4.0934e-27,4.14364e-27,4.19487e-27,4.24592e-27,4.29842e-27,4.34999e-27,4.40226e-27,4.45408e-27,4.50709e-27,4.56013e-27,4.6136e-27,4.66636e-27,4.72002e-27,4.77348e-27,4.82829e-27,4.88217e-27,4.93663e-27,4.99063e-27,5.04567e-27,5.10073e-27,5.15728e-27,5.21313e-27,5.26969e-27,5.32603e-27,5.38357e-27,5.44137e-27,5.49961e-27,5.55738e-27,5.61602e-27,5.67468e-27,5.73466e-27,5.79514e-27,5.85617e-27,5.91696e-27,5.97875e-27,6.04083e-27,6.10434e-27,6.1674e-27,6.23114e-27,6.29492e-27,6.35984e-27,6.4253e-27,6.49113e-27,6.55679e-27,6.62326e-27,6.69008e-27,6.75819e-27,6.82594e-27,6.89422e-27,6.96267e-27,7.03215e-27,7.10237e-27,7.17411e-27,7.24596e-27,7.31869e-27,7.39217e-27,7.4672e-27,7.54375e-27,7.62147e-27,7.70064e-27,7.78252e-27,7.86831e-27,7.9609e-27,8.0648e-27,8.18831e-27,8.34971e-27,8.58601e-27,8.96386e-27,9.55339e-27,1.00769e-26,7.57864e-27
0,4.78709e-29,9.5727e-29,1.43616e-28,1.91461e-28,2.39373e-28,2.8721e-28,3.35147e-28,3.8298e-28,4.30944e-28,4.78769e-28,5.2674e-28,5.74687e-28,6.2283e-28,6.70639e-28,7.1868e-28,7.66644e-28,8.14872e-28,8.62709e-28,9.10841e-28,9.58838e-28,1.00715e-27,1.05497e-27,1.10342e-27,1.15164e-27,1.20025e-27,1.2484e-27,1.29671e-27,1.34483e-27,1.39339e-27,1.44137e-27,1.49009e-27,1.53849e-27,1.5874e-27,1.63576e-27,1.68438e-27,1.73272e-27,1.78162e-27,1.82985e-27,1.87892e-27,1.92756e-27,1.97672e-27,2.02577e-27,2.07508e-27,2.12392e-27,2.17395e-27,2.22316e-27,2.27338e-27,2.32258e-27,2.37248e-27,2.42225e-27,2.47244e-27,2.52227e-27,2.57233e-27,2.62171e-27,2.67224e-27,2.7217e-27,2.77196e-27,2.82202e-27,2.87254e-27,2.92248e-27,2.97379e-27,3.0242e-27,3.07578e-27,3.12626e-27,3.17761e-27,3.22876e-27,3.28047e-27,3.33178e-27,3.38347e-27,3.43442e-27,3.48667e-27,3.53781e-27,3.58989e-27,3.64175e-27,3.69419e-27,3.74605e-27,3.79939e-27,3.85184e-27,3.90557e-27,3.9582e-27,4.01177e-27,4.06505e-27,4.12021e-27,4.17378e-27,4.22793e-27,4.28137e-27,4.33599e-27,4.3905e-27,4.44708e-27,4.50225e-27,4.55817e-27,4.6136e-27,4.67047e-27,4.72779e-27,4.78522e-27,4.84181e-27,4.89944e-27,4.95693e-27,5.01636e-27,5.07437e-27,5.13301e-27,5.19116e-27,5.25063e-27,5.31054e-27,5.37045e-27,5.42952e-27,5.48947e-27,5.54918e-27,5.61037e-27,5.67225e-27,5.73427e-27,5.7957e-27,5.85818e-27,5.92077e-27,5.98532e-27,6.0487e-27,6.11272e-27,6.17648e-27,6.24145e-27,6.3068e-27,6.37424e-27,6.44076e-27,6.50804e-27,6.57534e-27,6.64407e-27,6.71378e-27,6.78358e-27,6.85307e-27,6.92355e-27,6.99444e-27,7.06722e-27,7.13913e-27,7.2116e-27,7.28415e-27,7.35793e-27,7.43276e-27,7.50751e-27,7.58205e-27,7.65741e-27,7.73325e-27,7.81056e-27,7.88935e-27,7.96835e-27,8.04768e-27,8.12825e-27,8.21003e-27,8.29415e-27,8.37847e-27,8.4642e-27,8.55175e-27,8.64254e-27,8.73827e-27,8.84325e-27,8.96318e-27,9.11802e-27,9.36059e-27,9.85392e-27,1.11529e-26,1.53015e-26,3.03222e-26
0,5.22238e-29,1.04466e-28,1.56675e-28,2.08939e-28,2.61139e-28,3.13429e-28,3.65623e-28,4.17943e-28,4.70135e-28,5.2249e-28,5.74687e-28,6.27148e-28,6.79419e-28,7.31857e-28,7.84073e-28,8.36624e-28,8.88922e-28,9.41458e-28,9.93711e-28,1.04637e-27,1.09872e-27,1.15137e-27,1.20382e-27,1.25675e-27,1.30931e-27,1.36223e-27,1.41463e-27,1.46756e-27,1.52007e-27,1.57302e-27,1.62565e-27,1.67889e-27,1.73165e-27,1.78492e-27,1.83755e-27,1.89084e-27,1.9436e-27,1.99694e-27,2.04986e-27,2.10351e-27,2.15661e-27,2.21059e-27,2.26386e-27,2.31792e-27,2.37164e-27,2.42605e-27,2.47996e-27,2.53445e-27,2.58829e-27,2.64313e-27,2.69718e-27,2.7521e-27,2.80609e-27,2.86084e-27,2.91505e-27,2.96991e-27,3.02409e-27,3.07935e-27,3.13379e-27,3.1892e-27,3.24418e-27,3.30002e-27,3.35528e-27,3.41129e-27,3.46658e-27,3.52303e-27,3.57864e-27,3.63527e-27,3.69092e-27,3.74749e-27,3.80347e-27,3.86026e-27,3.91633e-27,3.97362e-27,4.03008e-27,4.08765e-27,4.14478e-27,4.20289e-27,4.26045e-27,4.31887e-27,4.3766e-27,4.43561e-27,4.49434e-27,4.55369e-27,4.61209e-27,4.67152e-27,4.73044e-27,4.79081e-27,4.85109e-27,4.91216e-27,4.97248e-27,5.03399e-27,5.0952e-27,5.15798e-27,5.21981e-27,5.28256e-27,5.34478e-27,5.40833e-27,5.47176e-27,5.53586e-27,5.59921e-27,5.66362e-27,5.72771e-27,5.79327e-27,5.85787e-27,5.92327e-27,5.98815e-27,6.05425e-27,6.12028e-27,6.18793e-27,6.25488e-27,6.32277e-27,6.3904e-27,6.45939e-27,6.52854e-27,6.59838e-27,6.66775e-27,6.7382e-27,6.80866e-27,6.88059e-27,6.95297e-27,7.02615e-27,7.09914e-27,7.17332e-27,7.24776e-27,7.32376e-27,7.39939e-27,7.4759e-27,7.55246e-27,7.63029e-27,7.70861e-27,7.78752e-27,7.86628e-27,7.946e-27,8.02604e-27,8.10742e-27,8.18852e-27,8.27031e-27,8.35228e-27,8.4354e-27,8.51923e-27,8.60467e-27,8.69031e-27,8.77697e-27,8.86437e-27,8.95331e-27,9.04353e-27,9.13467e-27,9.22649e-27,9.31958e-27,9.41374e-27,9.50947e-27,9.60659e-27,9.70405e-27,9.79979e-27,9.88657e-27,9.94089e-27,9.90279e-27,9.65442e-27,9.09437e-27
0,5.65949e-29,1.13172e-28,1.69789e-28,2.26353e-28,2.82996e-28,3.39552e-28,3.96225e-28,4.52778e-28,5.09488e-28,5.6605e-28,6.2283e-28,6.79419e-28,7.36244e-28,7.92853e-28,8.49734e-28,9.06351e-28,9.63278e-28,1.01992e-27,1.07692e-27,1.13359e-27,1.19065e-27,1.24743e-27,1.30463e-27,1.36149e-27,1.41881e-27,1.47567e-27,1.53302e-27,1.58987e-27,1.64725e-27,1.70421e-27,1.76174e-27,1.81881e-27,1.87647e-27,1.93357e-27,1.9913e-27,2.04841e-27,2.1062e-27,2.16346e-27,2.22143e-27,2.27888e-27,2.33715e-27,2.3948e-27,2.45332e-27,2.51128e-27,2.57004e-27,2.62828e-27,2.68727e-27,2.74564e-27,2.80485e-27,2.86331e-27,2.92269e-27,2.98123e-27,3.04063e-27,3.09925e-27,3.15866e-27,3.21738e-27,3.27703e-27,3.33591e-27,3.39585e-27,3.45512e-27,3.51539e-27,3.57503e-27,3.63563e-27,3.69551e-27,3.75641e-27,3.81649e-27,3.87767e-27,3.93794e-27,3.99925e-27,4.05972e-27,4.12115e-27,4.18184e-27,4.24364e-27,4.30462e-27,4.36683e-27,4.42835e-27,4.49102e-27,4.55306e-27,4.61619e-27,4.67864e-27,4.74228e-27,4.80527e-27,4.86933e-27,4.9327e-27,4.9971e-27,5.06075e-27,5.1257e-27,5.19018e-27,5.25591e-27,5.32115e-27,5.38758e-27,5.45345e-27,5.52068e-27,5.58727e-27,5.65517e-27,5.72239e-27,5.79084e-27,5.8588e-27,5.92788e-27,5.99645e-27,6.06609e-27,6.13515e-27,6.20545e-27,6.2751e-27,6.34594e-27,6.41612e-27,6.48743e-27,6.55839e-27,6.63073e-27,6.7027e-27,6.77601e-27,6.84894e-27,6.92311e-27,6.9971e-27,7.07223e-27,7.14718e-27,7.22321e-27,7.29903e-27,7.37621e-27,7.45349e-27,7.53204e-27,7.61068e-27,7.69054e-27,7.77044e-27,7.8517e-27,7.93293e-27,8.01545e-27,8.09792e-27,8.18157e-27,8.26536e-27,8.3502e-27,8.43517e-27,8.5211e-27,8.60712e-27,8.69424e-27,8.78138e-27,8.86957e-27,8.95782e-27,9.04707e-27,9.13673e-27,9.22769e-27,9.31914e-27,9.41192e-27,9.50529e-27,9.59998e-27,9.69555e-27,9.79232e-27,9.88984e-27,9.98816e-27,1.00864e-26,1.01843e-26,1.02799e-26,1.03698e-26,1.04467e-26,1.04911e-26,1.04455e-26,1.01212e-26,8.86283e-27,4.31923e-27,-1.21335e-26
0,6.09432e-29,1.21908e-28,1.82834e-28,2.43824e-28,3.0474e-28,3.6576e-28,4.26669e-28,4.87724e-28,5.48632e-28,6.09728e-28,6.70639e-28,7.31857e-28,7.92853e-28,8.54045e-28,9.14979e-28,9.76302e-28,1.03733e-27,1.09864e-27,1.15962e-27,1.22106e-27,1.28215e-27,1.3436e-27,1.4048e-27,1.46655e-27,1.52788e-27,1.58963e-27,1.65078e-27,1.71254e-27,1.77382e-27,1.83561e-27,1.89702e-27,1.95914e-27,2.0207e-27,2.08284e-27,2.14426e-27,2.20644e-27,2.26802e-27,2.33026e-27,2.39202e-27,2.45462e-27,2.51657e-27,2.57955e-27,2.64171e-27,2.70478e-27,2.76746e-27,2.83092e-27,2.89382e-27,2.95738e-27,3.0202e-27,3.08416e-27,3.14721e-27,3.21128e-27,3.27427e-27,3.33815e-27,3.4014e-27,3.46541e-27,3.52863e-27,3.59309e-27,3.65661e-27,3.72125e-27,3.78538e-27,3.85051e-27,3.91497e-27,3.98029e-27,4.04479e-27,4.11063e-27,4.17548e-27,4.24154e-27,4.30645e-27,4.37244e-27,4.43774e-27,4.50398e-27,4.56939e-27,4.63622e-27,4.70208e-27,4.76921e-27,4.83584e-27,4.90361e-27,4.97073e-27,5.03886e-27,5.10619e-27,5.175e-27,5.24347e-27,5.31267e-27,5.3808e-27,5.45012e-27,5.51884e-27,5.58923e-27,5.65951e-27,5.7307e-27,5.80104e-27,5.87276e-27,5.9441e-27,6.01728e-27,6.08936e-27,6.16251e-27,6.23505e-27,6.30912e-27,6.38305e-27,6.45776e-27,6.5316e-27,6.60669e-27,6.6814e-27,6.7578e-27,6.83311e-27,6.90936e-27,6.98501e-27,7.06207e-27,7.13904e-27,7.21788e-27,7.29591e-27,7.37506e-27,7.4539e-27,7.5343e-27,7.6149e-27,7.69631e-27,7.77721e-27,7.85937e-27,7.94152e-27,8.02539e-27,8.10976e-27,8.19509e-27,8.2802e-27,8.36671e-27,8.4535e-27,8.54211e-27,8.63029e-27,8.71951e-27,8.8088e-27,8.89954e-27,8.99083e-27,9.0828e-27,9.17459e-27,9.26748e-27,9.36069e-27,9.45542e-27,9.54977e-27,9.6449e-27,9.74018e-27,9.83671e-27,9.93397e-27,1.0033e-26,1.01322e-26,1.02325e-26,1.03335e-26,1.04361e-26,1.054e-26,1.06446e-26,1.07491e-26,1.08535e-26,1.09561e-26,1.1055e-26,1.11459e-26,1.12216e-26,1.12718e-26,1.12823e-26,1.12344e-26,1.11082e-26,1.08929e-26,1.06101e-26
0,6.53128e-29,1.30606e-28,1.95943e-28,2.61221e-28,3.26589e-28,3.91857e-28,4.5726e-28,5.22522e-28,5.87964e-28,6.5322e-28,7.1868e-28,7.84073e-28,8.49734e-28,9.14979e-28,9.80537e-28,1.04596e-27,1.11174e-27,1.17702e-27,1.24271e-27,1.30818e-27,1.37408e-27,1.43937e-27,1.50544e-27,1.57118e-27,1.63745e-27,1.70313e-27,1.76908e-27,1.83472e-27,1.90097e-27,1.96647e-27,2.03292e-27,2.0989e-27,2.16557e-27,2.23152e-27,2.2979e-27,2.36385e-27,2.43056e-27,2.4964e-27,2.56334e-27,2.62968e-27,2.69676e-27,2.7636e-27,2.8309e-27,2.89754e-27,2.96569e-27,3.0328e-27,3.1012e-27,3.16833e-27,3.23641e-27,3.3042e-27,3.37263e-27,3.44051e-27,3.50882e-27,3.57621e-27,3.64506e-27,3.71257e-27,3.78116e-27,3.84939e-27,3.91831e-27,3.98646e-27,4.05633e-27,4.12505e-27,4.19529e-27,4.26414e-27,4.33417e-27,4.40382e-27,4.4743e-27,4.54417e-27,4.61466e-27,4.68418e-27,4.75534e-27,4.82512e-27,4.89616e-27,4.96681e-27,5.03832e-27,5.10905e-27,5.18167e-27,5.25314e-27,5.32628e-27,5.39805e-27,5.4711e-27,5.54368e-27,5.61859e-27,5.69158e-27,5.76546e-27,5.83842e-27,5.91294e-27,5.98721e-27,6.06404e-27,6.13918e-27,6.21541e-27,6.29099e-27,6.36842e-27,6.44623e-27,6.52442e-27,6.60157e-27,6.68011e-27,6.75837e-27,6.83904e-27,6.91801e-27,6.99792e-27,7.07717e-27,7.15811e-27,7.23944e-27,7.32101e-27,7.40153e-27,7.48328e-27,7.5647e-27,7.648e-27,7.732e-27,7.81642e-27,7.90012e-27,7.98525e-27,8.07046e-27,8.1581e-27,8.24441e-27,8.33169e-27,8.41866e-27,8.50726e-27,8.59627e-27,8.68788e-27,8.77848e-27,8.87021e-27,8.96198e-27,9.05561e-27,9.15033e-27,9.24542e-27,9.34018e-27,9.43628e-27,9.53283e-27,9.63169e-27,9.72958e-27,9.82827e-27,9.92702e-27,1.00273e-26,1.01287e-26,1.02301e-26,1.03312e-26,1.04333e-26,1.05358e-26,1.06401e-26,1.07459e-26,1.08521e-26,1.09586e-26,1.10665e-26,1.11758e-26,1.12875e-26,1.13989e-26,1.15109e-26,1.16224e-26,1.17326e-26,1.18388e-26,1.19376e-26,1.2022e-26,1.20927e-26,1.21783e-26,1.24268e-26,1.34427e-26,1.75343e-26,3.33537e-26
0,6.96678e-29,1.3936e-28,2.09009e-28,2.7873e-28,3.48366e-28,4.18121e-28,4.87749e-28,5.57545e-28,6.27171e-28,6.97013e-28,7.66644e-28,8.36624e-28,9.06351e-28,9.76302e-28,1.04596e-27,1.11606e-27,1.18582e-27,1.2559e-27,1.32561e-27,1.39585e-27,1.46568e-27,1.53592e-27,1.60588e-27,1.67647e-27,1.74656e-27,1.81716e-27,1.88705e-27,1.95765e-27,2.02769e-27,2.09832e-27,2.16852e-27,2.23952e-27,2.30988e-27,2.38092e-27,2.45112e-27,2.52219e-27,2.59258e-27,2.66371e-27,2.7343e-27,2.80585e-27,2.87666e-27,2.94864e-27,3.01968e-27,3.09176e-27,3.1634e-27,3.23593e-27,3.30781e-27,3.38045e-27,3.45225e-27,3.52534e-27,3.5974e-27,3.67062e-27,3.74261e-27,3.81561e-27,3.88788e-27,3.96103e-27,4.03328e-27,4.10694e-27,4.17952e-27,4.25338e-27,4.32667e-27,4.40109e-27,4.47474e-27,4.54939e-27,4.62309e-27,4.69831e-27,4.77241e-27,4.84788e-27,4.92205e-27,4.99744e-27,5.07205e-27,5.14772e-27,5.22246e-27,5.2988e-27,5.37404e-27,5.45073e-27,5.52685e-27,5.60427e-27,5.68094e-27,5.75876e-27,5.83568e-27,5.91427e-27,5.99248e-27,6.07151e-27,6.14933e-27,6.2285e-27,6.307e-27,6.38739e-27,6.46765e-27,6.54895e-27,6.62928e-27,6.71118e-27,6.79266e-27,6.87622e-27,6.95853e-27,7.04206e-27,7.12488e-27,7.20946e-27,7.29387e-27,7.37917e-27,7.46349e-27,7.54921e-27,7.63451e-27,7.72173e-27,7.80771e-27,7.89476e-27,7.98113e-27,8.0691e-27,8.15697e-27,8.24697e-27,8.33605e-27,8.42641e-27,8.51642e-27,8.60821e-27,8.70023e-27,8.79318e-27,8.88555e-27,8.97936e-27,9.07317e-27,9.16895e-27,9.2653e-27,9.36274e-27,9.45996e-27,9.55877e-27,9.65792e-27,9.75914e-27,9.85989e-27,9.96182e-27,1.00638e-26,1.01675e-26,1.02718e-26,1.03768e-26,1.04816e-26,1.05877e-26,1.0694e-26,1.08021e-26,1.09096e-26,1.1018e-26,1.11264e-26,1.12362e-26,1.13467e-26,1.1459e-26,1.15715e-26,1.16851e-26,1.17996e-26,1.19161e-26,1.20342e-26,1.21535e-26,1.22736e-26,1.23948e-26,1.25153e-26,1.26333e-26,1.27436e-26,1.2837e-26,1.29e-26,1.29137e-26,1.28546e-26,1.27015e-26,1.24483e-26,1.21258e-26
0,7.4047e-29,1.48071e-28,2.22147e-28,2.96154e-28,3.70263e-28,4.44259e-28,5.18407e-28,5.92398e-28,6.66594e-28,7.40594e-28,8.14872e-28,8.88922e-28,9.63278e-28,1.03733e-27,1.11174e-27,1.18582e-27,1.26031e-27,1.3344e-27,1.40895e-27,1.4831e-27,1.55777e-27,1.63201e-27,1.70685e-27,1.78125e-27,1.85625e-27,1.93065e-27,2.00564e-27,2.08001e-27,2.15507e-27,2.22955e-27,2.30482e-27,2.37949e-27,2.45493e-27,2.52964e-27,2.6051e-27,2.67982e-27,2.7554e-27,2.83027e-27,2.90609e-27,2.98123e-27,3.05742e-27,3.13287e-27,3.20937e-27,3.28514e-27,3.36204e-27,3.43819e-27,3.51538e-27,3.59168e-27,3.66907e-27,3.74557e-27,3.8232e-27,3.8998e-27,3.97744e-27,4.05404e-27,4.13177e-27,4.2085e-27,4.28646e-27,4.36348e-27,4.44181e-27,4.51926e-27,4.5981e-27,4.67606e-27,4.75531e-27,4.83356e-27,4.91313e-27,4.99172e-27,5.07166e-27,5.15049e-27,5.23059e-27,5.30958e-27,5.3899e-27,5.46919e-27,5.5499e-27,5.62964e-27,5.71089e-27,5.79125e-27,5.87317e-27,5.95422e-27,6.03674e-27,6.1183e-27,6.20138e-27,6.28367e-27,6.36749e-27,6.45025e-27,6.5343e-27,6.61737e-27,6.70214e-27,6.78635e-27,6.87232e-27,6.9575e-27,7.04419e-27,7.13015e-27,7.21791e-27,7.30499e-27,7.39362e-27,7.48134e-27,7.57063e-27,7.65934e-27,7.74964e-27,7.83914e-27,7.92997e-27,8.02006e-27,8.11178e-27,8.20282e-27,8.29524e-27,8.38678e-27,8.47975e-27,8.57229e-27,8.66668e-27,8.76073e-27,8.85638e-27,8.95149e-27,9.04823e-27,9.14477e-27,9.24297e-27,9.34076e-27,9.43995e-27,9.53887e-27,9.63956e-27,9.74044e-27,9.84315e-27,9.94585e-27,1.00501e-26,1.01544e-26,1.02606e-26,1.03669e-26,1.04747e-26,1.05824e-26,1.06917e-26,1.08011e-26,1.09121e-26,1.10231e-26,1.11352e-26,1.12474e-26,1.1361e-26,1.14747e-26,1.15894e-26,1.1704e-26,1.18197e-26,1.19357e-26,1.20532e-26,1.21712e-26,1.22906e-26,1.24105e-26,1.25321e-26,1.2655e-26,1.27801e-26,1.29069e-26,1.30363e-26,1.31678e-26,1.33018e-26,1.34363e-26,1.35669e-26,1.36826e-26,1.37573e-26,1.37227e-26,1.33777e-26,1.20603e-26,7.43175e-27,-9.10203e-27
0,7.83984e-29,1.56824e-28,2.35201e-28,3.13659e-28,3.92021e-28,4.70517e-28,5.4887e-28,6.2741e-28,7.05761e-28,7.84353e-28,8.62709e-28,9.41458e-28,1.01992e-27,1.09864e-27,1.17702e-27,1.2559e-27,1.3344e-27,1.41326e-27,1.4917e-27,1.57073e-27,1.64931e-27,1.72835e-27,1.80707e-27,1.88651e-27,1.96539e-27,2.04482e-27,2.12346e-27,2.2029e-27,2.28171e-27,2.36117e-27,2.44016e-27,2.52005e-27,2.59923e-27,2.67916e-27,2.75814e-27,2.8381e-27,2.91728e-27,2.9973e-27,3.07672e-27,3.15721e-27,3.23688e-27,3.31786e-27,3.39779e-27,3.47888e-27,3.55948e-27,3.64109e-27,3.72197e-27,3.80369e-27,3.88447e-27,3.96671e-27,4.04779e-27,4.13015e-27,4.21113e-27,4.29324e-27,4.37454e-27,4.45681e-27,4.53806e-27,4.62091e-27,4.70254e-27,4.78562e-27,4.86805e-27,4.95176e-27,5.03462e-27,5.11858e-27,5.20148e-27,5.28609e-27,5.36944e-27,5.45432e-27,5.53773e-27,5.62251e-27,5.7064e-27,5.79149e-27,5.87553e-27,5.96136e-27,6.04596e-27,6.1322e-27,6.21779e-27,6.30484e-27,6.39107e-27,6.47856e-27,6.56505e-27,6.65341e-27,6.74136e-27,6.83021e-27,6.91768e-27,7.00666e-27,7.09489e-27,7.18525e-27,7.27547e-27,7.36686e-27,7.45717e-27,7.54922e-27,7.64081e-27,7.73475e-27,7.82727e-27,7.92115e-27,8.01424e-27,8.1093e-27,8.20418e-27,8.30004e-27,8.3948e-27,8.49112e-27,8.58697e-27,8.68499e-27,8.78159e-27,8.87938e-27,8.9764e-27,9.07522e-27,9.17395e-27,9.27507e-27,9.37517e-27,9.47669e-27,9.57782e-27,9.68097e-27,9.78438e-27,9.88882e-27,9.9926e-27,1.0098e-26,1.02034e-26,1.0311e-26,1.04194e-26,1.05289e-26,1.06382e-26,1.07493e-26,1.08608e-26,1.09747e-26,1.1088e-26,1.12026e-26,1.13174e-26,1.1434e-26,1.15513e-26,1.16695e-26,1.17873e-26,1.19066e-26,1.20261e-26,1.21475e-26,1.22682e-26,1.23898e-26,1.25112e-26,1.2634e-26,1.27575e-26,1.28829e-26,1.30082e-26,1.31346e-26,1.3262e-26,1.33917e-26,1.35238e-26,1.36583e-26,1.37959e-26,1.39384e-26,1.40868e-26,1.42425e-26,1.44049e-26,1.4569e-26,1.47233e-26,1.48416e-26,1.48721e-26,1.47304e-26,1.43203e-26,1.36416e-26
0,8.27769e-29,1.65529e-28,2.48337e-28,3.31069e-28,4.13914e-28,4.96633e-28,5.79521e-28,6.62233e-28,7.45168e-28,8.27873e-28,9.10841e-28,9.93711e-28,1.07692e-27,1.15962e-27,1.24271e-27,1.32561e-27,1.40895e-27,1.4917e-27,1.57494e-27,1.6579e-27,1.7414e-27,1.82417e-27,1.90789e-27,1.9912e-27,2.07518e-27,2.1584e-27,2.24199e-27,2.32516e-27,2.40908e-27,2.49211e-27,2.57629e-27,2.6599e-27,2.74437e-27,2.82793e-27,2.91204e-27,2.99558e-27,3.08007e-27,3.1635e-27,3.24828e-27,3.33231e-27,3.41731e-27,3.50194e-27,3.58722e-27,3.67168e-27,3.75797e-27,3.84302e-27,3.92964e-27,4.01471e-27,4.10098e-27,4.18683e-27,4.27352e-27,4.35946e-27,4.446e-27,4.53136e-27,4.6185e-27,4.704e-27,4.79085e-27,4.8772e-27,4.96449e-27,5.0508e-27,5.13924e-27,5.22628e-27,5.31519e-27,5.4024e-27,5.4911e-27,5.57925e-27,5.6685e-27,5.75692e-27,5.84618e-27,5.93419e-27,6.0242e-27,6.11253e-27,6.20243e-27,6.29179e-27,6.38231e-27,6.47184e-27,6.56369e-27,6.65416e-27,6.74667e-27,6.83751e-27,6.92998e-27,7.02183e-27,7.11651e-27,7.20886e-27,7.3023e-27,7.39459e-27,7.48883e-27,7.58277e-27,7.67982e-27,7.77488e-27,7.87131e-27,7.96693e-27,8.06485e-27,8.16315e-27,8.26204e-27,8.35961e-27,8.45893e-27,8.5579e-27,8.65978e-27,8.75961e-27,8.86065e-27,8.96084e-27,9.06315e-27,9.16582e-27,9.26889e-27,9.37063e-27,9.47391e-27,9.57678e-27,9.68203e-27,9.78806e-27,9.89474e-27,1.00005e-26,1.01081e-26,1.02158e-26,1.03265e-26,1.04355e-26,1.05458e-26,1.06558e-26,1.07678e-26,1.08803e-26,1.09961e-26,1.11107e-26,1.12267e-26,1.13429e-26,1.14614e-26,1.15812e-26,1.17016e-26,1.18216e-26,1.19434e-26,1.20657e-26,1.21908e-26,1.23148e-26,1.24397e-26,1.25647e-26,1.26915e-26,1.28195e-26,1.29474e-26,1.30747e-26,1.32031e-26,1.33316e-26,1.3462e-26,1.35938e-26,1.37257e-26,1.38576e-26,1.39911e-26,1.41264e-26,1.42654e-26,1.44062e-26,1.45515e-26,1.47034e-26,1.48658e-26,1.5043e-26,1.52415e-26,1.54654e-26,1.5726e-26,1.60493e-26,1.65399e-26,1.76687e-26,2.14777e-26,3.63851e-26
0,8.71358e-29,1.74301e-28,2.61414e-28,3.48615e-28,4.3571e-28,5.22953e-28,6.10037e-28,6.97327e-28,7.84405e-28,8.71751e-28,9.58838e-28,1.04637e-27,1.13359e-27,1.22106e-27,1.30818e-27,1.39585e-27,1.4831e-27,1.57073e-27,1.6579e-27,1.74574e-27,1.83306e-27,1.92088e-27,2.00839e-27,2.09669e-27,2.18439e-27,2.27267e-27,2.36005e-27,2.44832e-27,2.53588e-27,2.62417e-27,2.71196e-27,2.80077e-27,2.88879e-27,2.97761e-27,3.06536e-27,3.1542e-27,3.24217e-27,3.33106e-27,3.41929e-27,3.50873e-27,3.59725e-27,3.68724e-27,3.77605e-27,3.86614e-27,3.95573e-27,4.04643e-27,4.13634e-27,4.22713e-27,4.31689e-27,4.40829e-27,4.4984e-27,4.58993e-27,4.67989e-27,4.77108e-27,4.86139e-27,4.95275e-27,5.04298e-27,5.13501e-27,5.22567e-27,5.31794e-27,5.40955e-27,5.50256e-27,5.59464e-27,5.6879e-27,5.77998e-27,5.87399e-27,5.9666e-27,6.0609e-27,6.15354e-27,6.24767e-27,6.34084e-27,6.4353e-27,6.5286e-27,6.62391e-27,6.71784e-27,6.81359e-27,6.90866e-27,7.00535e-27,7.10112e-27,7.19826e-27,7.29428e-27,7.39243e-27,7.49017e-27,7.58883e-27,7.68587e-27,7.78454e-27,7.88241e-27,7.98273e-27,8.08298e-27,8.18445e-27,8.28466e-27,8.38681e-27,8.4885e-27,8.59286e-27,8.69558e-27,8.79975e-27,8.90303e-27,9.00855e-27,9.11394e-27,9.22036e-27,9.32547e-27,9.43232e-27,9.53871e-27,9.64755e-27,9.75474e-27,9.86316e-27,9.97069e-27,1.00803e-26,1.01898e-26,1.03021e-26,1.04132e-26,1.05258e-26,1.06379e-26,1.07524e-26,1.08672e-26,1.09831e-26,1.10982e-26,1.12151e-26,1.1332e-26,1.14514e-26,1.15718e-26,1.16934e-26,1.18147e-26,1.1938e-26,1.20619e-26,1.21884e-26,1.23144e-26,1.24417e-26,1.25692e-26,1.26988e-26,1.28293e-26,1.29607e-26,1.30917e-26,1.32241e-26,1.3357e-26,1.34919e-26,1.36259e-26,1.37606e-26,1.3895e-26,1.40308e-26,1.4167e-26,1.43052e-26,1.44427e-26,1.4581e-26,1.47198e-26,1.48608e-26,1.50042e-26,1.51504e-26,1.5301e-26,1.54601e-26,1.56323e-26,1.5826e-26,1.60523e-26,1.63262e-26,1.66676e-26,1.70921e-26,1.75727e-26,1.79268e-26,1.75372e-26,1.51573e-26
