0,0,0,0,0,0,0,0,0,0,0,0,0,0,0,0,0,0,0,0,0,0,0,0,0,0,0,0,0,0,0,0,0,0,0,0,0,0,0,0,0,0,0,0,0,0,0,0,0,0,0,0,0,0,0,0,0,0,0,0,0,0,0,0,0,0,0,0,0,0,0,0,0,0,0,0,0,0,0,0,0,0,0,0,0,0,0,0,0,0,0,0,0,0,0,0,0,0,0,0,0,0,0,0,0,0,0,0,0,0,0,0,0,0,0,0,0,0,0,0,0,0,0,0,0,0,0,0,0,0,0,0,0,0,0,0,0,0,0,0,0,0,0,0,0,0,0,0,0,0,0,0,0,0,0,0,0,0,0,0,0
0,-0.000119055,-0.000218579,-0.000306293,-0.000385827,-0.000459171,-0.000527548,-0.000591784,-0.000652469,-0.000710045,-0.000764859,-0.000817187,-0.000867253,-0.000915248,-0.000961329,-0.00100563,-0.00104828,-0.00108937,-0.001129,-0.00116725,-0.00120418,-0.00123988,-0.00127438,-0.00130776,-0.00134005,-0.0013713,-0.00140156,-0.00143086,-0.00145923,-0.00148671,-0.00151333,-0.00153912,-0.0015641,-0.00158829,-0.00161173,-0.00163443,-0.00165641,-0.0016777,-0.0016983,-0.00171824,-0.00173753,-0.00175619,-0.00177423,-0.00179167,-0.00180851,-0.00182477,-0.00184047,-0.00185561,-0.0018702,-0.00188425,-0.00189778,-0.00191079,-0.00192328,-0.00193527,-0.00194677,-0.00195778,-0.00196831,-0.00197836,-0.00198794,-0.00199706,-0.00200573,-0.00201394,-0.0020217,-0.00202901,-0.00203589,-0.00204233,-0.00204834,-0.00205392,-0.00205908,-0.00206381,-0.00206812,-0.00207202,-0.0020755,-0.00207856,-0.00208121,-0.00208346,-0.00208529,-0.00208671,-0.00208773,-0.00208834,-0.00208854,-0.00208834,-0.00208773,-0.00208671,-0.00208529,-0.00208346,-0.00208121,-0.00207856,-0.0020755,-0.00207202,-0.00206812,-0.00206381,-0.00205908,-0.00205392,-0.00204834,-0.00204233,-0.00203589,-0.00202901,-0.0020217,-0.00201394,-0.00200573,-0.00199706,-0.00198794,-0.00197836,-0.00196831,-0.00195778,-0.00194677,-0.00193527,-0.00192328,-0.00191079,-0.00189778,-0.00188425,-0.0018702,-0.00185561,-0.00184047,-0.00182477,-0.00180851,-0.00179167,-0.00177423,-0.00175619,-0.00173753,-0.00171824,-0.0016983,-0.0016777,-0.00165641,-0.00163443,-0.00161173,-0.00158829,-0.0015641,-0.00153912,-0.00151333,-0.00148671,-0.00145923,-0.00143086,-0.00140156,-0.0013713,-0.00134005,-0.00130776,-0.00127438,-0.00123988,-0.00120418,-0.00116725,-0.001129,-0.00108937,-0.00104828,-0.00100563,-0.000961329,-0.000915248,-0.000867253,-0.000817187,-0.000764859,-0.000710045,-0.000652469,-0.000591784,-0.000527548,-0.000459171,-0.000385827,-0.000306293,-0.000218579,-0.000119055,7.57864e-28
0,-0.000218579,-0.000409907,-0.000581703,-0.000738784,-0.000884245,-0.00102018,-0.00114806,-0.00126898,-0.00138379,-0.00149314,-0.00159757,-0.00169752,-0.00179335,-0.00188537,-0.00197386,-0.00205905,-0.00214115,-0.00222032,-0.00229674,-0.00237055,-0.00244188,-0.00251083,-0.00257754,-0.00264207,-0.00270454,-0.00276501,-0.00282357,-0.00288029,-0.00293522,-0.00298843,-0.00303998,-0.00308991,-0.00313829,-0.00318514,-0.00323052,-0.00327446,-0.00331701,-0.0033582,-0.00339806,-0.00343663,-0.00347394,-0.00351,-0.00354486,-0.00357854,-0.00361106,-0.00364244,-0.0036727,-0.00370188,-0.00372997,-0.00375702,-0.00378302,-0.003808,-0.00383198,-0.00385497,-0.00387698,-0.00389803,-0.00391813,-0.00393729,-0.00395553,-0.00397284,-0.00398926,-0.00400477,-0.0040194,-0.00403315,-0.00404603,-0.00405805,-0.00406921,-0.00407952,-0.00408898,-0.0040976,-0.00410539,-0.00411234,-0.00411847,-0.00412378,-0.00412826,-0.00413193,-0.00413478,-0.00413681,-0.00413803,-0.00413844,-0.00413803,-0.00413681,-0.00413478,-0.00413193,-0.00412826,-0.00412378,-0.00411847,-0.00411234,-0.00410539,-0.0040976,-0.00408898,-0.00407952,-0.00406921,-0.00405805,-0.00404603,-0.00403315,-0.0040194,-0.00400477,-0.00398926,-0.00397284,-0.00395553,-0.00393729,-0.00391813,-0.00389803,-0.00387698,-0.00385497,-0.00383198,-0.003808,-0.00378302,-0.00375702,-0.00372997,-0.00370188,-0.0036727,-0.00364244,-0.00361106,-0.00357854,-0.00354486,-0.00351,-0.00347394,-0.00343663,-0.00339806,-0.0033582,-0.00331701,-0.00327446,-0.00323052,-0.00318514,-0.00313829,-0.00308991,-0.00303998,-0.00298843,-0.00293522,-0.00288029,-0.00282357,-0.00276501,-0.00270454,-0.00264207,-0.00257754,-0.00251083,-0.00244188,-0.00237055,-0.00229674,-0.00222032,-0.00214115,-0.00205905,-0.00197386,-0.00188537,-0.00179335,-0.00169752,-0.00159757,-0.00149314,-0.00138379,-0.00126898,-0.00114806,-0.00102018,-0.000884245,-0.000738784,-0.000581703,-0.000409907,-0.000218579,1.51573e-27
0,-0.000306293,-0.000581703,-0.000832766,-0.0010643,-0.00127979,-0.00148179,-0.00167222,-0.00185255,-0.00202393,-0.00218729,-0.00234338,-0.00249283,-0.00263619,-0.00277389,-0.00290633,-0.00303386,-0.00315678,-0.00327534,-0.00338979,-0.00350034,-0.00360718,-0.00371049,-0.00381041,-0.00390711,-0.00400071,-0.00409132,-0.00417908,-0.00426407,-0.00434639,-0.00442614,-0.00450339,-0.00457823,-0.00465073,-0.00472096,-0.00478898,-0.00485485,-0.00491863,-0.00498037,-0.00504012,-0.00509794,-0.00515386,-0.00520793,-0.00526018,-0.00531067,-0.00535941,-0.00540646,-0.00545183,-0.00549557,-0.00553769,-0.00557823,-0.00561722,-0.00565467,-0.00569062,-0.00572509,-0.00575809,-0.00578965,-0.00581978,-0.00584851,-0.00587584,-0.00590181,-0.00592642,-0.00594968,-0.00597162,-0.00599223,-0.00601154,-0.00602956,-0.00604629,-0.00606174,-0.00607593,-0.00608886,-0.00610053,-0.00611096,-0.00612015,-0.0061281,-0.00613483,-0.00614032,-0.00614459,-0.00614764,-0.00614947,-0.00615008,-0.00614947,-0.00614764,-0.00614459,-0.00614032,-0.00613483,-0.0061281,-0.00612015,-0.00611096,-0.00610053,-0.00608886,-0.00607593,-0.00606174,-0.00604629,-0.00602956,-0.00601154,-0.00599223,-0.00597162,-0.00594968,-0.00592642,-0.00590181,-0.00587584,-0.00584851,-0.00581978,-0.00578965,-0.00575809,-0.00572509,-0.00569062,-0.00565467,-0.00561722,-0.00557823,-0.00553769,-0.00549557,-0.00545183,-0.00540646,-0.00535941,-0.00531067,-0.00526018,-0.00520793,-0.00515386,-0.00509794,-0.00504012,-0.00498037,-0.00491863,-0.00485485,-0.00478898,-0.00472096,-0.00465073,-0.00457823,-0.00450339,-0.00442614,-0.00434639,-0.00426407,-0.00417908,-0.00409132,-0.00400071,-0.00390711,-0.00381041,-0.00371049,-0.00360718,-0.00350034,-0.00338979,-0.00327534,-0.00315678,-0.00303386,-0.00290633,-0.00277389,-0.00263619,-0.00249283,-0.00234338,-0.00218729,-0.00202393,-0.00185255,-0.00167222,-0.00148179,-0.00127979,-0.0010643,-0.000832766,-0.000581703,-0.000306293,2.27359e-27
0,-0.000385827,-0.000738784,-0.0010643,-0.00136679,-0.00164975,-0.00191592,-0.00216743,-0.00240601,-0.00263303,-0.00284964,-0.00305676,-0.00325519,-0.00344562,-0.0036286,-0.00380466,-0.00397423,-0.00413769,-0.00429541,-0.00444767,-0.00459477,-0.00473696,-0.00487445,-0.00500747,-0.00513619,-0.00526079,-0.00538144,-0.00549828,-0.00561145,-0.00572108,-0.00582728,-0.00593016,-0.00602984,-0.0061264,-0.00621993,-0.00631053,-0.00639827,-0.00648322,-0.00656547,-0.00664506,-0.00672208,-0.00679657,-0.0068686,-0.00693822,-0.00700547,-0.00707042,-0.00713309,-0.00719354,-0.00725181,-0.00730793,-0.00736195,-0.00741389,-0.00746379,-0.00751169,-0.00755761,-0.00760158,-0.00764362,-0.00768377,-0.00772205,-0.00775848,-0.00779308,-0.00782586,-0.00785686,-0.00788609,-0.00791356,-0.00793929,-0.00796329,-0.00798558,-0.00800618,-0.00802508,-0.00804231,-0.00805786,-0.00807176,-0.008084,-0.0080946,-0.00810356,-0.00811088,-0.00811657,-0.00812064,-0.00812307,-0.00812389,-0.00812307,-0.00812064,-0.00811657,-0.00811088,-0.00810356,-0.0080946,-0.008084,-0.00807176,-0.00805786,-0.00804231,-0.00802508,-0.00800618,-0.00798558,-0.00796329,-0.00793929,-0.00791356,-0.00788609,-0.00785686,-0.00782586,-0.00779308,-0.00775848,-0.00772205,-0.00768377,-0.00764362,-0.00760158,-0.00755761,-0.00751169,-0.00746379,-0.00741389,-0.00736195,-0.00730793,-0.00725181,-0.00719354,-0.00713309,-0.00707042,-0.00700547,-0.00693822,-0.0068686,-0.00679657,-0.00672208,-0.00664506,-0.00656547,-0.00648322,-0.00639827,-0.00631053,-0.00621993,-0.0061264,-0.00602984,-0.00593016,-0.00582728,-0.00572108,-0.00561145,-0.00549828,-0.00538144,-0.00526079,-0.00513619,-0.00500747,-0.00487445,-0.00473696,-0.00459477,-0.00444767,-0.00429541,-0.00413769,-0.00397423,-0.00380466,-0.0036286,-0.00344562,-0.00325519,-0.00305676,-0.00284964,-0.00263303,-0.00240601,-0.00216743,-0.00191592,-0.00164975,-0.00136679,-0.0010643,-0.000738784,-0.000385827,3.03146e-27
0,-0.000459171,-0.000884245,-0.00127979,-0.00164975,-0.00199746,-0.00232563,-0.00263651,-0.00293196,-0.0032135,-0.0034824,-0.00373977,-0.00398651,-0.00422342,-0.00445119,-0.00467041,-0.00488163,-0.00508531,-0.00528186,-0.00547167,-0.00565507,-0.00583237,-0.00600384,-0.00616975,-0.00633032,-0.00648578,-0.00663631,-0.0067821,-0.00692332,-0.00706013,-0.00719267,-0.00732108,-0.00744549,-0.00756602,-0.00768278,-0.00779588,-0.00790541,-0.00801147,-0.00811415,-0.00821353,-0.00830969,-0.0084027,-0.00849263,-0.00857956,-0.00866354,-0.00874463,-0.00882289,-0.00889838,-0.00897114,-0.00904122,-0.00910867,-0.00917354,-0.00923586,-0.00929568,-0.00935302,-0.00940793,-0.00946045,-0.00951059,-0.00955839,-0.00960388,-0.00964709,-0.00968804,-0.00972676,-0.00976326,-0.00979757,-0.0098297,-0.00985968,-0.00988752,-0.00991324,-0.00993685,-0.00995837,-0.0099778,-0.00999516,-0.0100104,-0.0100237,-0.0100349,-0.010044,-0.0100511,-0.0100562,-0.0100592,-0.0100603,-0.0100592,-0.0100562,-0.0100511,-0.010044,-0.0100349,-0.0100237,-0.0100104,-0.00999516,-0.0099778,-0.00995837,-0.00993685,-0.00991324,-0.00988752,-0.00985968,-0.0098297,-0.00979757,-0.00976326,-0.00972676,-0.00968804,-0.00964709,-0.00960388,-0.00955839,-0.00951059,-0.00946045,-0.00940793,-0.00935302,-0.00929568,-0.00923586,-0.00917354,-0.00910867,-0.00904122,-0.00897114,-0.00889838,-0.00882289,-0.00874463,-0.00866354,-0.00857956,-0.00849263,-0.0084027,-0.00830969,-0.00821353,-0.00811415,-0.00801147,-0.00790541,-0.00779588,-0.00768278,-0.00756602,-0.00744549,-0.00732108,-0.00719267,-0.00706013,-0.00692332,-0.0067821,-0.00663631,-0.00648578,-0.00633032,-0.00616975,-0.00600384,-0.00583237,-0.00565507,-0.00547167,-0.00528186,-0.00508531,-0.00488163,-0.00467041,-0.00445119,-0.00422342,-0.00398651,-0.00373977,-0.0034824,-0.0032135,-0.00293196,-0.00263651,-0.00232563,-0.00199746,-0.00164975,-0.00127979,-0.000884245,-0.000459171,3.78932e-27
0,-0.000527548,-0.00102018,-0.00148179,-0.00191592,-0.00232563,-0.00271357,-0.00308198,-0.00343276,-0.00376752,-0.00408766,-0.00439434,-0.00468859,-0.0049713,-0.00524325,-0.00550512,-0.00575751,-0.00600098,-0.006236,-0.00646301,-0.0066824,-0.00689454,-0.00709974,-0.00729831,-0.00749052,-0.00767662,-0.00785686,-0.00803143,-0.00820054,-0.00836439,-0.00852314,-0.00867695,-0.00882598,-0.00897036,-0.00911024,-0.00924574,-0.00937697,-0.00950405,-0.00962708,-0.00974616,-0.00986138,-0.00997284,-0.0100806,-0.0101848,-0.0102854,-0.0103826,-0.0104764,-0.0105669,-0.0106541,-0.0107381,-0.0108189,-0.0108967,-0.0109714,-0.0110431,-0.0111118,-0.0111776,-0.0112406,-0.0113007,-0.011358,-0.0114125,-0.0114643,-0.0115134,-0.0115598,-0.0116036,-0.0116447,-0.0116832,-0.0117192,-0.0117525,-0.0117834,-0.0118117,-0.0118375,-0.0118608,-0.0118816,-0.0118999,-0.0119158,-0.0119292,-0.0119401,-0.0119487,-0.0119547,-0.0119584,-0.0119596,-0.0119584,-0.0119547,-0.0119487,-0.0119401,-0.0119292,-0.0119158,-0.0118999,-0.0118816,-0.0118608,-0.0118375,-0.0118117,-0.0117834,-0.0117525,-0.0117192,-0.0116832,-0.0116447,-0.0116036,-0.0115598,-0.0115134,-0.0114643,-0.0114125,-0.011358,-0.0113007,-0.0112406,-0.0111776,-0.0111118,-0.0110431,-0.0109714,-0.0108967,-0.0108189,-0.0107381,-0.0106541,-0.0105669,-0.0104764,-0.0103826,-0.0102854,-0.0101848,-0.0100806,-0.00997284,-0.00986138,-0.00974616,-0.00962708,-0.00950405,-0.00937697,-0.00924574,-0.00911024,-0.00897036,-0.00882598,-0.00867695,-0.00852314,-0.00836439,-0.00820054,-0.00803143,-0.00785686,-0.00767662,-0.00749052,-0.00729831,-0.00709974,-0.00689454,-0.0066824,-0.00646301,-0.006236,-0.00600098,-0.00575751,-0.00550512,-0.00524325,-0.0049713,-0.00468859,-0.00439434,-0.00408766,-0.00376752,-0.00343276,-0.00308198,-0.00271357,-0.00232563,-0.00191592,-0.00148179,-0.00102018,-0.000527548,4.54719e-27
0,-0.000591784,-0.00114806,-0.00167222,-0.00216743,-0.00263651,-0.00308198,-0.00350601,-0.00391051,-0.00429713,-0.0046673,-0.00502228,-0.00536315,-0.00569089,-0.00600633,-0.00631023,-0.00660327,-0.00688604,-0.00715909,-0.00742291,-0.00767794,-0.00792458,-0.00816321,-0.00839417,-0.00861777,-0.00883429,-0.009044,-0.00924716,-0.00944398,-0.00963469,-0.00981948,-0.00999854,-0.010172,-0.0103402,-0.010503,-0.0106608,-0.0108136,-0.0109616,-0.0111049,-0.0112436,-0.0113778,-0.0115076,-0.0116332,-0.0117545,-0.0118717,-0.0119849,-0.0120942,-0.0121996,-0.0123012,-0.0123991,-0.0124932,-0.0125838,-0.0126709,-0.0127544,-0.0128345,-0.0129112,-0.0129845,-0.0130545,-0.0131213,-0.0131848,-0.0132452,-0.0133024,-0.0133565,-0.0134075,-0.0134554,-0.0135003,-0.0135421,-0.013581,-0.013617,-0.0136499,-0.01368,-0.0137071,-0.0137314,-0.0137528,-0.0137712,-0.0137869,-0.0137997,-0.0138096,-0.0138167,-0.0138209,-0.0138223,-0.0138209,-0.0138167,-0.0138096,-0.0137997,-0.0137869,-0.0137712,-0.0137528,-0.0137314,-0.0137071,-0.01368,-0.0136499,-0.013617,-0.013581,-0.0135421,-0.0135003,-0.0134554,-0.0134075,-0.0133565,-0.0133024,-0.0132452,-0.0131848,-0.0131213,-0.0130545,-0.0129845,-0.0129112,-0.0128345,-0.0127544,-0.0126709,-0.0125838,-0.0124932,-0.0123991,-0.0123012,-0.0121996,-0.0120942,-0.0119849,-0.0118717,-0.0117545,-0.0116332,-0.0115076,-0.0113778,-0.0112436,-0.0111049,-0.0109616,-0.0108136,-0.0106608,-0.010503,-0.0103402,-0.010172,-0.00999854,-0.00981948,-0.00963469,-0.00944398,-0.00924716,-0.009044,-0.00883429,-0.00861777,-0.00839417,-0.00816321,-0.00792458,-0.00767794,-0.00742291,-0.00715909,-0.00688604,-0.00660327,-0.00631023,-0.00600633,-0.00569089,-0.00536315,-0.00502228,-0.0046673,-0.00429713,-0.00391051,-0.00350601,-0.00308198,-0.00263651,-0.00216743,-0.00167222,-0.00114806,-0.000591784,5.30505e-27
0,-0.000652469,-0.00126898,-0.00185255,-0.00240601,-0.00293196,-0.00343276,-0.00391051,-0.00436707,-0.00480411,-0.00522308,-0.00562526,-0.0060118,-0.00638371,-0.00674189,-0.00708716,-0.00742023,-0.00774177,-0.00805236,-0.00835254,-0.0086428,-0.00892358,-0.0091953,-0.00945833,-0.00971303,-0.0099597,-0.0101987,-0.0104302,-0.0106545,-0.0108719,-0.0110825,-0.0112866,-0.0114845,-0.0116761,-0.0118619,-0.0120418,-0.0122161,-0.0123848,-0.0125483,-0.0127065,-0.0128595,-0.0130076,-0.0131508,-0.0132892,-0.013423,-0.0135522,-0.0136768,-0.0137971,-0.013913,-0.0140246,-0.0141321,-0.0142355,-0.0143348,-0.0144301,-0.0145215,-0.014609,-0.0146927,-0.0147726,-0.0148488,-0.0149213,-0.0149902,-0.0150554,-0.0151172,-0.0151754,-0.01523,-0.0152813,-0.0153291,-0.0153735,-0.0154145,-0.0154521,-0.0154864,-0.0155174,-0.0155451,-0.0155694,-0.0155905,-0.0156084,-0.015623,-0.0156343,-0.0156424,-0.0156472,-0.0156489,-0.0156472,-0.0156424,-0.0156343,-0.015623,-0.0156084,-0.0155905,-0.0155694,-0.0155451,-0.0155174,-0.0154864,-0.0154521,-0.0154145,-0.0153735,-0.0153291,-0.0152813,-0.01523,-0.0151754,-0.0151172,-0.0150554,-0.0149902,-0.0149213,-0.0148488,-0.0147726,-0.0146927,-0.014609,-0.0145215,-0.0144301,-0.0143348,-0.0142355,-0.0141321,-0.0140246,-0.013913,-0.0137971,-0.0136768,-0.0135522,-0.013423,-0.0132892,-0.0131508,-0.0130076,-0.0128595,-0.0127065,-0.0125483,-0.0123848,-0.0122161,-0.0120418,-0.0118619,-0.0116761,-0.0114845,-0.0112866,-0.0110825,-0.0108719,-0.0106545,-0.0104302,-0.0101987,-0.0099597,-0.00971303,-0.00945833,-0.0091953,-0.00892358,-0.0086428,-0.00835254,-0.00805236,-0.00774177,-0.00742023,-0.00708716,-0.00674189,-0.00638371,-0.0060118,-0.00562526,-0.00522308,-0.00480411,-0.00436707,-0.00391051,-0.00343276,-0.00293196,-0.00240601,-0.00185255,-0.00126898,-0.000652469,6.06291e-27
0,-0.000710045,-0.00138379,-0.00202393,-0.00263303,-0.0032135,-0.00376752,-0.00429713,-0.00480411,-0.00529011,-0.00575658,-0.00620482,-0.00663601,-0.0070512,-0.00745131,-0.00783722,-0.00820968,-0.00856939,-0.00891698,-0.00925303,-0.00957807,-0.00989259,-0.010197,-0.0104918,-0.0107773,-0.0110538,-0.0113217,-0.0115813,-0.0118329,-0.0120767,-0.012313,-0.012542,-0.0127639,-0.012979,-0.0131874,-0.0133893,-0.0135849,-0.0137744,-0.0139578,-0.0141354,-0.0143072,-0.0144735,-0.0146342,-0.0147896,-0.0149398,-0.0150848,-0.0152248,-0.0153598,-0.01549,-0.0156153,-0.015736,-0.0158521,-0.0159636,-0.0160707,-0.0161733,-0.0162716,-0.0163656,-0.0164553,-0.0165409,-0.0166223,-0.0166997,-0.016773,-0.0168423,-0.0169077,-0.0169691,-0.0170267,-0.0170804,-0.0171302,-0.0171763,-0.0172185,-0.0172571,-0.0172919,-0.017323,-0.0173503,-0.0173741,-0.0173941,-0.0174105,-0.0174232,-0.0174323,-0.0174377,-0.0174396,-0.0174377,-0.0174323,-0.0174232,-0.0174105,-0.0173941,-0.0173741,-0.0173503,-0.017323,-0.0172919,-0.0172571,-0.0172185,-0.0171763,-0.0171302,-0.0170804,-0.0170267,-0.0169691,-0.0169077,-0.0168423,-0.016773,-0.0166997,-0.0166223,-0.0165409,-0.0164553,-0.0163656,-0.0162716,-0.0161733,-0.0160707,-0.0159636,-0.0158521,-0.015736,-0.0156153,-0.01549,-0.0153598,-0.0152248,-0.0150848,-0.0149398,-0.0147896,-0.0146342,-0.0144735,-0.0143072,-0.0141354,-0.0139578,-0.0137744,-0.0135849,-0.0133893,-0.0131874,-0.012979,-0.0127639,-0.012542,-0.012313,-0.0120767,-0.0118329,-0.0115813,-0.0113217,-0.0110538,-0.0107773,-0.0104918,-0.010197,-0.00989259,-0.00957807,-0.00925303,-0.00891698,-0.00856939,-0.00820968,-0.00783722,-0.00745131,-0.0070512,-0.00663601,-0.00620482,-0.00575658,-0.00529011,-0.00480411,-0.00429713,-0.00376752,-0.0032135,-0.00263303,-0.00202393,-0.00138379,-0.000710045,6.82078e-27
0,-0.000764859,-0.00149314,-0.00218729,-0.00284964,-0.0034824,-0.00408766,-0.0046673,-0.00522308,-0.00575658,-0.00626925,-0.00676239,-0.00723718,-0.00769469,-0.00813589,-0.00856167,-0.00897281,-0.00937006,-0.00975408,-0.0101255,-0.0104848,-0.0108326,-0.0111694,-0.0114955,-0.0118114,-0.0121174,-0.012414,-0.0127014,-0.01298,-0.01325,-0.0135117,-0.0137654,-0.0140112,-0.0142495,-0.0144804,-0.0147042,-0.0149209,-0.0151309,-0.0153342,-0.015531,-0.0157214,-0.0159057,-0.0160839,-0.0162562,-0.0164227,-0.0165835,-0.0167387,-0.0168884,-0.0170327,-0.0171717,-0.0173055,-0.0174342,-0.0175579,-0.0176766,-0.0177904,-0.0178994,-0.0180037,-0.0181032,-0.0181981,-0.0182884,-0.0183742,-0.0184555,-0.0185324,-0.0186049,-0.018673,-0.0187369,-0.0187964,-0.0188517,-0.0189028,-0.0189497,-0.0189924,-0.019031,-0.0190655,-0.0190959,-0.0191222,-0.0191444,-0.0191626,-0.0191767,-0.0191868,-0.0191928,-0.0191948,-0.0191928,-0.0191868,-0.0191767,-0.0191626,-0.0191444,-0.0191222,-0.0190959,-0.0190655,-0.019031,-0.0189924,-0.0189497,-0.0189028,-0.0188517,-0.0187964,-0.0187369,-0.018673,-0.0186049,-0.0185324,-0.0184555,-0.0183742,-0.0182884,-0.0181981,-0.0181032,-0.0180037,-0.0178994,-0.0177904,-0.0176766,-0.0175579,-0.0174342,-0.0173055,-0.0171717,-0.0170327,-0.0168884,-0.0167387,-0.0165835,-0.0164227,-0.0162562,-0.0160839,-0.0159057,-0.0157214,-0.015531,-0.0153342,-0.0151309,-0.0149209,-0.0147042,-0.0144804,-0.0142495,-0.0140112,-0.0137654,-0.0135117,-0.01325,-0.01298,-0.0127014,-0.012414,-0.0121174,-0.0118114,-0.0114955,-0.0111694,-0.0108326,-0.0104848,-0.0101255,-0.00975408,-0.00937006,-0.00897281,-0.00856167,-0.00813589,-0.00769469,-0.00723718,-0.00676239,-0.00626925,-0.00575658,-0.00522308,-0.0046673,-0.00408766,-0.0034824,-0.00284964,-0.00218729,-0.00149314,-0.000764859,7.57864e-27
0,-0.000817187,-0.00159757,-0.00234338,-0.00305676,-0.00373977,-0.00439434,-0.00502228,-0.00562526,-0.00620482,-0.00676239,-0.00729924,-0.00781656,-0.00831543,-0.00879684,-0.00926168,-0.00971079,-0.0101449,-0.0105647,-0.0109709,-0.0113641,-0.0117447,-0.0121133,-0.0124703,-0.0128163,-0.0131515,-0.0134764,-0.0137913,-0.0140966,-0.0143925,-0.0146794,-0.0149575,-0.0152271,-0.0154883,-0.0157416,-0.0159869,-0.0162247,-0.0164549,-0.0166779,-0.0168938,-0.0171028,-0.017305,-0.0175005,-0.0176896,-0.0178722,-0.0180487,-0.018219,-0.0183833,-0.0185416,-0.0186942,-0.0188411,-0.0189824,-0.0191181,-0.0192484,-0.0193733,-0.019493,-0.0196074,-0.0197167,-0.0198208,-0.01992,-0.0200142,-0.0201035,-0.0201879,-0.0202674,-0.0203422,-0.0204123,-0.0204777,-0.0205384,-0.0205945,-0.020646,-0.0206929,-0.0207353,-0.0207731,-0.0208065,-0.0208353,-0.0208597,-0.0208797,-0.0208952,-0.0209063,-0.0209129,-0.0209151,-0.0209129,-0.0209063,-0.0208952,-0.0208797,-0.0208597,-0.0208353,-0.0208065,-0.0207731,-0.0207353,-0.0206929,-0.020646,-0.0205945,-0.0205384,-0.0204777,-0.0204123,-0.0203422,-0.0202674,-0.0201879,-0.0201035,-0.0200142,-0.01992,-0.0198208,-0.0197167,-0.0196074,-0.019493,-0.0193733,-0.0192484,-0.0191181,-0.0189824,-0.0188411,-0.0186942,-0.0185416,-0.0183833,-0.018219,-0.0180487,-0.0178722,-0.0176896,-0.0175005,-0.017305,-0.0171028,-0.0168938,-0.0166779,-0.0164549,-0.0162247,-0.0159869,-0.0157416,-0.0154883,-0.0152271,-0.0149575,-0.0146794,-0.0143925,-0.0140966,-0.0137913,-0.0134764,-0.0131515,-0.0128163,-0.0124703,-0.0121133,-0.0117447,-0.0113641,-0.0109709,-0.0105647,-0.0101449,-0.00971079,-0.00926168,-0.00879684,-0.00831543,-0.00781656,-0.00729924,-0.00676239,-0.00620482,-0.00562526,-0.00502228,-0.00439434,-0.00373977,-0.00305676,-0.00234338,-0.00159757,-0.000817187,3.03222e-26
0,-0.000867253,-0.00169752,-0.00249283,-0.00325519,-0.00398651,-0.00468859,-0.00536315,-0.0060118,-0.00663601,-0.00723718,-0.00781656,-0.00837534,-0.00891458,-0.00943529,-0.00993838,-0.0104247,-0.010895,-0.01135,-0.0117904,-0.0122167,-0.0126297,-0.0130297,-0.0134172,-0.0137928,-0.0141568,-0.0145097,-0.0148518,-0.0151835,-0.0155051,-0.0158168,-0.0161191,-0.0164121,-0.0166962,-0.0169715,-0.0172383,-0.0174968,-0.0177472,-0.0179898,-0.0182246,-0.0184519,-0.0186718,-0.0188846,-0.0190902,-0.019289,-0.0194809,-0.0196662,-0.019845,-0.0200174,-0.0201834,-0.0203432,-0.020497,-0.0206447,-0.0207865,-0.0209225,-0.0210527,-0.0211772,-0.0212962,-0.0214096,-0.0215175,-0.02162,-0.0217172,-0.0218091,-0.0218957,-0.0219771,-0.0220534,-0.0221246,-0.0221906,-0.0222517,-0.0223078,-0.0223588,-0.022405,-0.0224462,-0.0224825,-0.0225139,-0.0225405,-0.0225622,-0.0225791,-0.0225911,-0.0225984,-0.0226008,-0.0225984,-0.0225911,-0.0225791,-0.0225622,-0.0225405,-0.0225139,-0.0224825,-0.0224462,-0.022405,-0.0223588,-0.0223078,-0.0222517,-0.0221906,-0.0221246,-0.0220534,-0.0219771,-0.0218957,-0.0218091,-0.0217172,-0.02162,-0.0215175,-0.0214096,-0.0212962,-0.0211772,-0.0210527,-0.0209225,-0.0207865,-0.0206447,-0.020497,-0.0203432,-0.0201834,-0.0200174,-0.019845,-0.0196662,-0.0194809,-0.019289,-0.0190902,-0.0188846,-0.0186718,-0.0184519,-0.0182246,-0.0179898,-0.0177472,-0.0174968,-0.0172383,-0.0169715,-0.0166962,-0.0164121,-0.0161191,-0.0158168,-0.0155051,-0.0151835,-0.0148518,-0.0145097,-0.0141568,-0.0137928,-0.0134172,-0.0130297,-0.0126297,-0.0122167,-0.0117904,-0.01135,-0.010895,-0.0104247,-0.00993838,-0.00943529,-0.00891458,-0.00837534,-0.00781656,-0.00723718,-0.00663601,-0.0060118,-0.00536315,-0.00468859,-0.00398651,-0.00325519,-0.00249283,-0.00169752,-0.000867253,9.09437e-27
0,-0.000915248,-0.00179335,-0.00263619,-0.00344562,-0.00422342,-0.0049713,-0.00569089,-0.00638371,-0.0070512,-0.00769469,-0.00831543,-0.00891458,-0.00949321,-0.0100523,-0.0105928,-0.0111155,-0.0116213,-0.0121108,-0.0125848,-0.0130438,-0.0134885,-0.0139194,-0.014337,-0.0147418,-0.0151343,-0.0155148,-0.0158837,-0.0162414,-0.0165883,-0.0169247,-0.0172509,-0.0175671,-0.0178737,-0.0181709,-0.0184589,-0.018738,-0.0190084,-0.0192703,-0.0195239,-0.0197693,-0.0200069,-0.0202366,-0.0204588,-0.0206735,-0.0208808,-0.021081,-0.0212741,-0.0214603,-0.0216397,-0.0218124,-0.0219785,-0.0221382,-0.0222914,-0.0224383,-0.022579,-0.0227136,-0.0228422,-0.0229647,-0.0230814,-0.0231922,-0.0232972,-0.0233965,-0.0234901,-0.0235781,-0.0236605,-0.0237375,-0.0238089,-0.0238749,-0.0239355,-0.0239907,-0.0240406,-0.0240851,-0.0241244,-0.0241583,-0.024187,-0.0242105,-0.0242288,-0.0242418,-0.0242496,-0.0242522,-0.0242496,-0.0242418,-0.0242288,-0.0242105,-0.024187,-0.0241583,-0.0241244,-0.0240851,-0.0240406,-0.0239907,-0.0239355,-0.0238749,-0.0238089,-0.0237375,-0.0236605,-0.0235781,-0.0234901,-0.0233965,-0.0232972,-0.0231922,-0.0230814,-0.0229647,-0.0228422,-0.0227136,-0.022579,-0.0224383,-0.0222914,-0.0221382,-0.0219785,-0.0218124,-0.0216397,-0.0214603,-0.0212741,-0.021081,-0.0208808,-0.0206735,-0.0204588,-0.0202366,-0.0200069,-0.0197693,-0.0195239,-0.0192703,-0.0190084,-0.018738,-0.0184589,-0.0181709,-0.0178737,-0.0175671,-0.0172509,-0.0169247,-0.0165883,-0.0162414,-0.0158837,-0.0155148,-0.0151343,-0.0147418,-0.014337,-0.0139194,-0.0134885,-0.0130438,-0.0125848,-0.0121108,-0.0116213,-0.0111155,-0.0105928,-0.0100523,-0.00949321,-0.00891458,-0.00831543,-0.00769469,-0.0070512,-0.00638371,-0.00569089,-0.0049713,-0.00422342,-0.00344562,-0.00263619,-0.00179335,-0.000915248,-1.21335e-26
0,-0.000961329,-0.00188537,-0.00277389,-0.0036286,-0.00445119,-0.00524325,-0.00600633,-0.00674189,-0.00745131,-0.00813589,-0.00879684,-0.00943529,-0.0100523,-0.0106489,-0.0112259,-0.0117843,-0.0123248,-0.0128482,-0.0133551,-0.0138462,-0.0143221,-0.0147834,-0.0152306,-0.0156642,-0.0160846,-0.0164923,-0.0168877,-0.0172712,-0.0176431,-0.0180038,-0.0183535,-0.0186927,-0.0190215,-0.0193403,-0.0196494,-0.0199488,-0.020239,-0.02052,-0.0207922,-0.0210557,-0.0213106,-0.0215572,-0.0217957,-0.0220262,-0.0222488,-0.0224638,-0.0226711,-0.0228711,-0.0230637,-0.0232492,-0.0234276,-0.023599,-0.0237636,-0.0239214,-0.0240725,-0.024217,-0.0243551,-0.0244867,-0.024612,-0.024731,-0.0248438,-0.0249505,-0.0250511,-0.0251456,-0.0252342,-0.0253168,-0.0253936,-0.0254645,-0.0255295,-0.0255889,-0.0256424,-0.0256903,-0.0257324,-0.0257689,-0.0257998,-0.025825,-0.0258446,-0.0258586,-0.025867,-0.0258698,-0.025867,-0.0258586,-0.0258446,-0.025825,-0.0257998,-0.0257689,-0.0257324,-0.0256903,-0.0256424,-0.0255889,-0.0255295,-0.0254645,-0.0253936,-0.0253168,-0.0252342,-0.0251456,-0.0250511,-0.0249505,-0.0248438,-0.024731,-0.024612,-0.0244867,-0.0243551,-0.024217,-0.0240725,-0.0239214,-0.0237636,-0.023599,-0.0234276,-0.0232492,-0.0230637,-0.0228711,-0.0226711,-0.0224638,-0.0222488,-0.0220262,-0.0217957,-0.0215572,-0.0213106,-0.0210557,-0.0207922,-0.02052,-0.020239,-0.0199488,-0.0196494,-0.0193403,-0.0190215,-0.0186927,-0.0183535,-0.0180038,-0.0176431,-0.0172712,-0.0168877,-0.0164923,-0.0160846,-0.0156642,-0.0152306,-0.0147834,-0.0143221,-0.0138462,-0.0133551,-0.0128482,-0.0123248,-0.0117843,-0.0112259,-0.0106489,-0.0100523,-0.00943529,-0.00879684,-0.00813589,-0.00745131,-0.00674189,-0.00600633,-0.00524325,-0.00445119,-0.0036286,-0.00277389,-0.00188537,-0.000961329,1.06101e-26
0,-0.00100563,-0.00197386,-0.00290633,-0.00380466,-0.00467041,-0.00550512,-0.00631023,-0.00708716,-0.00783722,-0.00856167,-0.00926168,-0.00993838,-0.0105928,-0.0112259,-0.0118387,-0.0124319,-0.0130064,-0.0135629,-0.0141021,-0.0146247,-0.0151313,-0.0156225,-0.0160988,-0.0165607,-0.0170086,-0.0174432,-0.0178646,-0.0182735,-0.01867,-0.0190547,-0.0194278,-0.0197896,-0.0201404,-0.0204806,-0.0208103,-0.0211299,-0.0214396,-0.0217396,-0.0220302,-0.0223114,-0.0225836,-0.022847,-0.0231016,-0.0233478,-0.0235855,-0.0238151,-0.0240365,-0.0242501,-0.0244558,-0.0246539,-0.0248445,-0.0250276,-0.0252034,-0.025372,-0.0255335,-0.0256879,-0.0258354,-0.0259761,-0.0261099,-0.0262371,-0.0263576,-0.0264716,-0.0265791,-0.0266801,-0.0267747,-0.026863,-0.026945,-0.0270208,-0.0270903,-0.0271537,-0.027211,-0.0272621,-0.0273072,-0.0273462,-0.0273792,-0.0274061,-0.0274271,-0.027442,-0.027451,-0.027454,-0.027451,-0.027442,-0.0274271,-0.0274061,-0.0273792,-0.0273462,-0.0273072,-0.0272621,-0.027211,-0.0271537,-0.0270903,-0.0270208,-0.026945,-0.026863,-0.0267747,-0.0266801,-0.0265791,-0.0264716,-0.0263576,-0.0262371,-0.0261099,-0.0259761,-0.0258354,-0.0256879,-0.0255335,-0.025372,-0.0252034,-0.0250276,-0.0248445,-0.0246539,-0.0244558,-0.0242501,-0.0240365,-0.0238151,-0.0235855,-0.0233478,-0.0231016,-0.022847,-0.0225836,-0.0223114,-0.0220302,-0.0217396,-0.0214396,-0.0211299,-0.0208103,-0.0204806,-0.0201404,-0.0197896,-0.0194278,-0.0190547,-0.01867,-0.0182735,-0.0178646,-0.0174432,-0.0170086,-0.0165607,-0.0160988,-0.0156225,-0.0151313,-0.0146247,-0.0141021,-0.0135629,-0.0130064,-0.0124319,-0.0118387,-0.0112259,-0.0105928,-0.00993838,-0.00926168,-0.00856167,-0.00783722,-0.00708716,-0.00631023,-0.00550512,-0.00467041,-0.00380466,-0.00290633,-0.00197386,-0.00100563,3.33537e-26
0,-0.00104828,-0.00205905,-0.00303386,-0.00397423,-0.00488163,-0.00575751,-0.00660327,-0.00742023,-0.00820968,-0.00897281,-0.00971079,-0.0104247,-0.0111155,-0.0117843,-0.0124319,-0.0130592,-0.0136669,-0.0142558,-0.0148267,-0.0153802,-0.0159169,-0.0164374,-0.0169423,-0.017432,-0.0179071,-0.018368,-0.0188151,-0.0192489,-0.0196698,-0.0200781,-0.0204742,-0.0208583,-0.0212309,-0.0215922,-0.0219424,-0.0222819,-0.0226109,-0.0229296,-0.0232383,-0.0235372,-0.0238265,-0.0241064,-0.024377,-0.0246386,-0.0248913,-0.0251354,-0.0253708,-0.0255978,-0.0258166,-0.0260272,-0.0262298,-0.0264245,-0.0266115,-0.0267907,-0.0269624,-0.0271267,-0.0272835,-0.0274331,-0.0275755,-0.0277107,-0.0278389,-0.0279601,-0.0280744,-0.0281819,-0.0282825,-0.0283765,-0.0284637,-0.0285443,-0.0286183,-0.0286857,-0.0287466,-0.028801,-0.0288489,-0.0288904,-0.0289255,-0.0289542,-0.0289764,-0.0289923,-0.0290019,-0.0290051,-0.0290019,-0.0289923,-0.0289764,-0.0289542,-0.0289255,-0.0288904,-0.0288489,-0.028801,-0.0287466,-0.0286857,-0.0286183,-0.0285443,-0.0284637,-0.0283765,-0.0282825,-0.0281819,-0.0280744,-0.0279601,-0.0278389,-0.0277107,-0.0275755,-0.0274331,-0.0272835,-0.0271267,-0.0269624,-0.0267907,-0.0266115,-0.0264245,-0.0262298,-0.0260272,-0.0258166,-0.0255978,-0.0253708,-0.0251354,-0.0248913,-0.0246386,-0.024377,-0.0241064,-0.0238265,-0.0235372,-0.0232383,-0.0229296,-0.0226109,-0.0222819,-0.0219424,-0.0215922,-0.0212309,-0.0208583,-0.0204742,-0.0200781,-0.0196698,-0.0192489,-0.0188151,-0.018368,-0.0179071,-0.017432,-0.0169423,-0.0164374,-0.0159169,-0.0153802,-0.0148267,-0.0142558,-0.0136669,-0.0130592,-0.0124319,-0.0117843,-0.0111155,-0.0104247,-0.00971079,-0.00897281,-0.00820968,-0.00742023,-0.00660327,-0.00575751,-0.00488163,-0.00397423,-0.00303386,-0.00205905,-0.00104828,1.21258e-26
0,-0.00108937,-0.00214115,-0.00315678,-0.00413769,-0.00508531,-0.00600098,-0.00688604,-0.00774177,-0.00856939,-0.00937006,-0.0101449,-0.010895,-0.0116213,-0.0123248,-0.0130064,-0.0136669,-0.0143071,-0.0149278,-0.0155297,-0.0161134,-0.0166796,-0.0172289,-0.0177618,-0.0182789,-0.0187806,-0.0192675,-0.0197399,-0.0201983,-0.0206432,-0.0210747,-0.0214935,-0.0218997,-0.0222937,-0.0226757,-0.0230462,-0.0234053,-0.0237534,-0.0240906,-0.0244173,-0.0247336,-0.0250397,-0.025336,-0.0256224,-0.0258993,-0.0261669,-0.0264252,-0.0266745,-0.0269148,-0.0271465,-0.0273695,-0.027584,-0.0277902,-0.0279882,-0.028178,-0.0283598,-0.0285338,-0.0286999,-0.0288583,-0.0290091,-0.0291524,-0.0292882,-0.0294166,-0.0295376,-0.0296515,-0.0297581,-0.0298576,-0.02995,-0.0300353,-0.0301137,-0.0301851,-0.0302497,-0.0303073,-0.0303581,-0.030402,-0.0304392,-0.0304696,-0.0304932,-0.03051,-0.0305201,-0.0305235,-0.0305201,-0.03051,-0.0304932,-0.0304696,-0.0304392,-0.030402,-0.0303581,-0.0303073,-0.0302497,-0.0301851,-0.0301137,-0.0300353,-0.02995,-0.0298576,-0.0297581,-0.0296515,-0.0295376,-0.0294166,-0.0292882,-0.0291524,-0.0290091,-0.0288583,-0.0286999,-0.0285338,-0.0283598,-0.028178,-0.0279882,-0.0277902,-0.027584,-0.0273695,-0.0271465,-0.0269148,-0.0266745,-0.0264252,-0.0261669,-0.0258993,-0.0256224,-0.025336,-0.0250397,-0.0247336,-0.0244173,-0.0240906,-0.0237534,-0.0234053,-0.0230462,-0.0226757,-0.0222937,-0.0218997,-0.0214935,-0.0210747,-0.0206432,-0.0201983,-0.0197399,-0.0192675,-0.0187806,-0.0182789,-0.0177618,-0.0172289,-0.0166796,-0.0161134,-0.0155297,-0.0149278,-0.0143071,-0.0136669,-0.0130064,-0.0123248,-0.0116213,-0.010895,-0.0101449,-0.00937006,-0.00856939,-0.00774177,-0.00688604,-0.00600098,-0.00508531,-0.00413769,-0.00315678,-0.00214115,-0.00108937,-9.10203e-27
0,-0.001129,-0.00222032,-0.00327534,-0.00429541,-0.00528186,-0.006236,-0.00715909,-0.00805236,-0.00891698,-0.00975408,-0.0105647,-0.01135,-0.0121108,-0.0128482,-0.0135629,-0.0142558,-0.0149278,-0.0155795,-0.0162117,-0.0168251,-0.0174202,-0.0179977,-0.0185582,-0.0191021,-0.01963,-0.0201424,-0.0206396,-0.0211223,-0.0215907,-0.0220452,-0.0224862,-0.0229142,-0.0233293,-0.0237319,-0.0241223,-0.0245008,-0.0248677,-0.0252232,-0.0255676,-0.0259011,-0.0262239,-0.0265362,-0.0268383,-0.0271304,-0.0274125,-0.027685,-0.027948,-0.0282015,-0.0284459,-0.0286812,-0.0289075,-0.0291251,-0.0293339,-0.0295342,-0.0297261,-0.0299097,-0.030085,-0.0302521,-0.0304113,-0.0305625,-0.0307058,-0.0308413,-0.0309691,-0.0310892,-0.0312017,-0.0313067,-0.0314043,-0.0314944,-0.0315771,-0.0316525,-0.0317206,-0.0317814,-0.031835,-0.0318814,-0.0319206,-0.0319527,-0.0319776,-0.0319954,-0.0320061,-0.0320096,-0.0320061,-0.0319954,-0.0319776,-0.0319527,-0.0319206,-0.0318814,-0.031835,-0.0317814,-0.0317206,-0.0316525,-0.0315771,-0.0314944,-0.0314043,-0.0313067,-0.0312017,-0.0310892,-0.0309691,-0.0308413,-0.0307058,-0.0305625,-0.0304113,-0.0302521,-0.030085,-0.0299097,-0.0297261,-0.0295342,-0.0293339,-0.0291251,-0.0289075,-0.0286812,-0.0284459,-0.0282015,-0.027948,-0.027685,-0.0274125,-0.0271304,-0.0268383,-0.0265362,-0.0262239,-0.0259011,-0.0255676,-0.0252232,-0.0248677,-0.0245008,-0.0241223,-0.0237319,-0.0233293,-0.0229142,-0.0224862,-0.0220452,-0.0215907,-0.0211223,-0.0206396,-0.0201424,-0.01963,-0.0191021,-0.0185582,-0.0179977,-0.0174202,-0.0168251,-0.0162117,-0.0155795,-0.0149278,-0.0142558,-0.0135629,-0.0128482,-0.0121108,-0.01135,-0.0105647,-0.00975408,-0.00891698,-0.00805236,-0.00715909,-0.006236,-0.00528186,-0.00429541,-0.00327534,-0.00222032,-0.001129,1.36416e-26
0,-0.00116725,-0.00229674,-0.00338979,-0.00444767,-0.00547167,-0.00646301,-0.00742291,-0.00835254,-0.00925303,-0.0101255,-0.0109709,-0.0117904,-0.0125848,-0.0133551,-0.0141021,-0.0148267,-0.0155297,-0.0162117,-0.0168736,-0.0175159,-0.0181394,-0.0187445,-0.019332,-0.0199022,-0.0204558,-0.0209933,-0.021515,-0.0220214,-0.022513,-0.0229901,-0.0234531,-0.0239024,-0.0243383,-0.0247612,-0.0251712,-0.0255689,-0.0259543,-0.0263278,-0.0266897,-0.0270402,-0.0273794,-0.0277077,-0.0280253,-0.0283323,-0.0286289,-0.0289153,-0.0291918,-0.0294584,-0.0297153,-0.0299627,-0.0302008,-0.0304295,-0.0306492,-0.0308599,-0.0310617,-0.0312547,-0.0314391,-0.031615,-0.0317823,-0.0319414,-0.0320921,-0.0322347,-0.0323691,-0.0324955,-0.0326139,-0.0327243,-0.0328269,-0.0329217,-0.0330088,-0.0330881,-0.0331597,-0.0332237,-0.0332801,-0.0333289,-0.0333702,-0.0334039,-0.0334302,-0.0334489,-0.0334601,-0.0334638,-0.0334601,-0.0334489,-0.0334302,-0.0334039,-0.0333702,-0.0333289,-0.0332801,-0.0332237,-0.0331597,-0.0330881,-0.0330088,-0.0329217,-0.0328269,-0.0327243,-0.0326139,-0.0324955,-0.0323691,-0.0322347,-0.0320921,-0.0319414,-0.0317823,-0.031615,-0.0314391,-0.0312547,-0.0310617,-0.0308599,-0.0306492,-0.0304295,-0.0302008,-0.0299627,-0.0297153,-0.0294584,-0.0291918,-0.0289153,-0.0286289,-0.0283323,-0.0280253,-0.0277077,-0.0273794,-0.0270402,-0.0266897,-0.0263278,-0.0259543,-0.0255689,-0.0251712,-0.0247612,-0.0243383,-0.0239024,-0.0234531,-0.0229901,-0.022513,-0.0220214,-0.021515,-0.0209933,-0.0204558,-0.0199022,-0.019332,-0.0187445,-0.0181394,-0.0175159,-0.0168736,-0.0162117,-0.0155297,-0.0148267,-0.0141021,-0.0133551,-0.0125848,-0.0117904,-0.0109709,-0.0101255,-0.00925303,-0.00835254,-0.00742291,-0.00646301,-0.00547167,-0.00444767,-0.00338979,-0.00229674,-0.00116725,3.63851e-26
0,-0.00120418,-0.00237055,-0.00350034,-0.00459477,-0.00565507,-0.0066824,-0.00767794,-0.0086428,-0.00957807,-0.0104848,-0.0113641,-0.0122167,-0.0130438,-0.0138462,-0.0146247,-0.0153802,-0.0161134,-0.0168251,-0.0175159,-0.0181866,-0.0188378,-0.01947,-0.0200839,-0.02068,-0.0212588,-0.0218209,-0.0223666,-0.0228964,-0.0234107,-0.02391,-0.0243947,-0.024865,-0.0253214,-0.0257642,-0.0261936,-0.0266101,-0.0270138,-0.0274051,-0.0277842,-0.0281514,-0.0285069,-0.0288509,-0.0291837,-0.0295055,-0.0298164,-0.0301166,-0.0304064,-0.0306859,-0.0309553,-0.0312147,-0.0314642,-0.0317041,-0.0319344,-0.0321554,-0.032367,-0.0325694,-0.0327628,-0.0329472,-0.0331228,-0.0332895,-0.0334476,-0.0335972,-0.0337382,-0.0338707,-0.0339949,-0.0341108,-0.0342184,-0.0343178,-0.0344091,-0.0344923,-0.0345675,-0.0346346,-0.0346938,-0.034745,-0.0347883,-0.0348237,-0.0348512,-0.0348708,-0.0348826,-0.0348865,-0.0348826,-0.0348708,-0.0348512,-0.0348237,-0.0347883,-0.034745,-0.0346938,-0.0346346,-0.0345675,-0.0344923,-0.0344091,-0.0343178,-0.0342184,-0.0341108,-0.0339949,-0.0338707,-0.0337382,-0.0335972,-0.0334476,-0.0332895,-0.0331228,-0.0329472,-0.0327628,-0.0325694,-0.032367,-0.0321554,-0.0319344,-0.0317041,-0.0314642,-0.0312147,-0.0309553,-0.0306859,-0.0304064,-0.0301166,-0.0298164,-0.0295055,-0.0291837,-0.0288509,-0.0285069,-0.0281514,-0.0277842,-0.0274051,-0.0270138,-0.0266101,-0.0261936,-0.0257642,-0.0253214,-0.024865,-0.0243947,-0.02391,-0.0234107,-0.0228964,-0.0223666,-0.0218209,-0.0212588,-0.02068,-0.0200839,-0.01947,-0.0188378,-0.0181866,-0.0175159,-0.0168251,-0.0161134,-0.0153802,-0.0146247,-0.0138462,-0.0130438,-0.0122167,-0.0113641,-0.0104848,-0.00957807,-0.0086428,-0.00767794,-0.0066824,-0.00565507,-0.00459477,-0.00350034,-0.00237055,-0.00120418,1.51573e-26
0,-0.00123988,-0.00244188,-0.00360718,-0.00473696,-0.00583237,-0.00689454,-0.00792458,-0.00892358,-0.00989259,-0.0108326,-0.0117447,-0.0126297,-0.0134885,-0.0143221,-0.0151313,-0.0159169,-0.0166796,-0.0174202,-0.0181394,-0.0188378,-0.0195161,-0.0201748,-0.0208146,-0.0214361,-0.0220396,-0.0226257,-0.023195,-0.0237477,-0.0242845,-0.0248056,-0.0253115,-0.0258025,-0.026279,-0.0267414,-0.0271899,-0.0276249,-0.0280467,-0.0284555,-0.0288516,-0.0292353,-0.0296068,-0.0299663,-0.0303142,-0.0306505,-0.0309755,-0.0312894,-0.0315923,-0.0318845,-0.0321662,-0.0324374,-0.0326984,-0.0329492,-0.0331901,-0.0334211,-0.0336424,-0.0338541,-0.0340564,-0.0342493,-0.0344329,-0.0346074,-0.0347727,-0.0349291,-0.0350766,-0.0352153,-0.0353452,-0.0354664,-0.035579,-0.035683,-0.0357785,-0.0358656,-0.0359442,-0.0360145,-0.0360764,-0.0361299,-0.0361752,-0.0362122,-0.036241,-0.0362616,-0.0362739,-0.036278,-0.0362739,-0.0362616,-0.036241,-0.0362122,-0.0361752,-0.0361299,-0.0360764,-0.0360145,-0.0359442,-0.0358656,-0.0357785,-0.035683,-0.035579,-0.0354664,-0.0353452,-0.0352153,-0.0350766,-0.0349291,-0.0347727,-0.0346074,-0.0344329,-0.0342493,-0.0340564,-0.0338541,-0.0336424,-0.0334211,-0.0331901,-0.0329492,-0.0326984,-0.0324374,-0.0321662,-0.0318845,-0.0315923,-0.0312894,-0.0309755,-0.0306505,-0.0303142,-0.0299663,-0.0296068,-0.0292353,-0.0288516,-0.0284555,-0.0280467,-0.0276249,-0.0271899,-0.0267414,-0.026279,-0.0258025,-0.0253115,-0.0248056,-0.0242845,-0.0237477,-0.023195,-0.0226257,-0.0220396,-0.0214361,-0.0208146,-0.0201748,-0.0195161,-0.0188378,-0.0181394,-0.0174202,-0.0166796,-0.0159169,-0.0151313,-0.0143221,-0.0134885,-0.0126297,-0.0117447,-0.0108326,-0.00989259,-0.00892358,-0.00792458,-0.00689454,-0.00583237,-0.00473696,-0.00360718,-0.00244188,-0.00123988,-6.07057e-27
