0,0,0,0,0,0,0,0,0,0,0,0,0,0,0,0,0,0,0,0,0,0,0,0,0,0,0,0,0,0,0,0,0,0,0,0,0,0,0,0,0,0,0,0,0,0,0,0,0,0,0,0,0,0,0,0,0,0,0,0,0,0,0,0,0,0,0,0,0,0,0,0,0,0,0,0,0,0,0,0,0,0,0,0,0,0,0,0,0,0,0,0,0,0,0,0,0,0,0,0,0,0,0,0,0,0,0,0,0,0,0,0,0,0,0,0,0,0,0,0,0,0,0,0,0,0,0,0,0,0,0,0,0,0,0,0,0,0,0,0,0,0,0,0,0,0,0,0,0,0,0,0,0,0,0,0,0,0,0,0,0
0,-0.00011902,-0.000218509,-0.000306187,-0.000385686,-0.000458995,-0.000527337,-0.000591538,-0.000652187,-0.000709729,-0.000764508,-0.000816801,-0.000866834,-0.000914794,-0.000960841,-0.00100511,-0.00104772,-0.00108878,-0.00112838,-0.00116659,-0.0012035,-0.00123916,-0.00127363,-0.00130697,-0.00133923,-0.00137045,-0.00140068,-0.00142995,-0.00145829,-0.00148574,-0.00151233,-0.00153809,-0.00156304,-0.00158721,-0.00161062,-0.00163329,-0.00165525,-0.0016765,-0.00169708,-0.00171699,-0.00173626,-0.00175489,-0.00177291,-0.00179032,-0.00180714,-0.00182338,-0.00183906,-0.00185418,-0.00186875,-0.00188278,-0.00189628,-0.00190927,-0.00192175,-0.00193372,-0.0019452,-0.0019562,-0.00196671,-0.00197674,-0.00198631,-0.00199542,-0.00200407,-0.00201226,-0.00202001,-0.00202731,-0.00203418,-0.00204061,-0.00204661,-0.00205218,-0.00205733,-0.00206205,-0.00206636,-0.00207025,-0.00207372,-0.00207678,-0.00207943,-0.00208167,-0.0020835,-0.00208492,-0.00208593,-0.00208654,-0.00208675,-0.00208654,-0.00208593,-0.00208492,-0.0020835,-0.00208167,-0.00207943,-0.00207678,-0.00207372,-0.00207025,-0.00206636,-0.00206205,-0.00205733,-0.00205218,-0.00204661,-0.00204061,-0.00203418,-0.00202731,-0.00202001,-0.00201226,-0.00200407,-0.00199542,-0.00198631,-0.00197674,-0.00196671,-0.0019562,-0.0019452,-0.00193372,-0.00192175,-0.00190927,-0.00189628,-0.00188278,-0.00186875,-0.00185418,-0.00183906,-0.00182338,-0.00180714,-0.00179032,-0.00177291,-0.00175489,-0.00173626,-0.00171699,-0.00169708,-0.0016765,-0.00165525,-0.00163329,-0.00161062,-0.00158721,-0.00156304,-0.00153809,-0.00151233,-0.00148574,-0.00145829,-0.00142995,-0.00140068,-0.00137045,-0.00133923,-0.00130697,-0.00127363,-0.00123916,-0.0012035,-0.00116659,-0.00112838,-0.00108878,-0.00104772,-0.00100511,-0.000960841,-0.000914794,-0.000866834,-0.000816801,-0.000764508,-0.000709729,-0.000652187,-0.000591538,-0.000527337,-0.000458995,-0.000385686,-0.000306187,-0.000218509,-0.00011902,7.57864e-28
0,-0.000218509,-0.000409766,-0.000581491,-0.000738502,-0.000883893,-0.00101975,-0.00114756,-0.00126842,-0.00138316,-0.00149244,-0.0015968,-0.00169668,-0.00179244,-0.0018844,-0.00197282,-0.00205794,-0.00213997,-0.00221908,-0.00229543,-0.00236917,-0.00244043,-0.00250933,-0.00257597,-0.00264044,-0.00270284,-0.00276326,-0.00282176,-0.00287841,-0.00293328,-0.00298643,-0.00303792,-0.0030878,-0.00313612,-0.00318291,-0.00322824,-0.00327213,-0.00331463,-0.00335576,-0.00339557,-0.00343409,-0.00347135,-0.00350736,-0.00354218,-0.00357581,-0.00360828,-0.00363961,-0.00366984,-0.00369897,-0.00372702,-0.00375403,-0.00377999,-0.00380494,-0.00382888,-0.00385183,-0.00387381,-0.00389483,-0.0039149,-0.00393403,-0.00395223,-0.00396952,-0.00398591,-0.0040014,-0.00401601,-0.00402974,-0.00404259,-0.00405459,-0.00406573,-0.00407602,-0.00408547,-0.00409407,-0.00410185,-0.00410879,-0.00411491,-0.00412021,-0.00412468,-0.00412834,-0.00413119,-0.00413322,-0.00413443,-0.00413484,-0.00413443,-0.00413322,-0.00413119,-0.00412834,-0.00412468,-0.00412021,-0.00411491,-0.00410879,-0.00410185,-0.00409407,-0.00408547,-0.00407602,-0.00406573,-0.00405459,-0.00404259,-0.00402974,-0.00401601,-0.0040014,-0.00398591,-0.00396952,-0.00395223,-0.00393403,-0.0039149,-0.00389483,-0.00387381,-0.00385183,-0.00382888,-0.00380494,-0.00377999,-0.00375403,-0.00372702,-0.00369897,-0.00366984,-0.00363961,-0.00360828,-0.00357581,-0.00354218,-0.00350736,-0.00347135,-0.00343409,-0.00339557,-0.00335576,-0.00331463,-0.00327213,-0.00322824,-0.00318291,-0.00313612,-0.0030878,-0.00303792,-0.00298643,-0.00293328,-0.00287841,-0.00282176,-0.00276326,-0.00270284,-0.00264044,-0.00257597,-0.00250933,-0.00244043,-0.00236917,-0.00229543,-0.00221908,-0.00213997,-0.00205794,-0.00197282,-0.0018844,-0.00179244,-0.00169668,-0.0015968,-0.00149244,-0.00138316,-0.00126842,-0.00114756,-0.00101975,-0.000883893,-0.000738502,-0.000581491,-0.000409766,-0.000218509,1.51573e-27
0,-0.000306187,-0.000581491,-0.000832448,-0.00106387,-0.00127926,-0.00148116,-0.00167148,-0.00185171,-0.00202298,-0.00218624,-0.00234222,-0.00249158,-0.00263483,-0.00277243,-0.00290477,-0.0030322,-0.00315501,-0.00327347,-0.00338782,-0.00349828,-0.00360502,-0.00370823,-0.00380806,-0.00390466,-0.00399817,-0.00408869,-0.00417635,-0.00426125,-0.00434348,-0.00442314,-0.00450031,-0.00457507,-0.00464748,-0.00471762,-0.00478556,-0.00485135,-0.00491505,-0.00497671,-0.00503639,-0.00509413,-0.00514997,-0.00520397,-0.00525615,-0.00530657,-0.00535525,-0.00540222,-0.00544753,-0.0054912,-0.00553327,-0.00557375,-0.00561268,-0.00565008,-0.00568597,-0.00572038,-0.00575333,-0.00578484,-0.00581493,-0.00584361,-0.00587091,-0.00589683,-0.0059214,-0.00594462,-0.00596652,-0.00598711,-0.00600638,-0.00602437,-0.00604107,-0.0060565,-0.00607066,-0.00608357,-0.00609522,-0.00610564,-0.00611481,-0.00612275,-0.00612946,-0.00613495,-0.00613921,-0.00614226,-0.00614408,-0.00614469,-0.00614408,-0.00614226,-0.00613921,-0.00613495,-0.00612946,-0.00612275,-0.00611481,-0.00610564,-0.00609522,-0.00608357,-0.00607066,-0.0060565,-0.00604107,-0.00602437,-0.00600638,-0.00598711,-0.00596652,-0.00594462,-0.0059214,-0.00589683,-0.00587091,-0.00584361,-0.00581493,-0.00578484,-0.00575333,-0.00572038,-0.00568597,-0.00565008,-0.00561268,-0.00557375,-0.00553327,-0.0054912,-0.00544753,-0.00540222,-0.00535525,-0.00530657,-0.00525615,-0.00520397,-0.00514997,-0.00509413,-0.00503639,-0.00497671,-0.00491505,-0.00485135,-0.00478556,-0.00471762,-0.00464748,-0.00457507,-0.00450031,-0.00442314,-0.00434348,-0.00426125,-0.00417635,-0.00408869,-0.00399817,-0.00390466,-0.00380806,-0.00370823,-0.00360502,-0.00349828,-0.00338782,-0.00327347,-0.00315501,-0.0030322,-0.00290477,-0.00277243,-0.00263483,-0.00249158,-0.00234222,-0.00218624,-0.00202298,-0.00185171,-0.00167148,-0.00148116,-0.00127926,-0.00106387,-0.000832448,-0.000581491,-0.000306187,2.27359e-27
0,-0.000385686,-0.000738502,-0.00106387,-0.00136623,-0.00164905,-0.00191507,-0.00216645,-0.00240489,-0.00263177,-0.00284823,-0.00305522,-0.00325352,-0.0034438,-0.00362665,-0.00380257,-0.00397201,-0.00413534,-0.00429292,-0.00444506,-0.00459202,-0.00473408,-0.00487144,-0.00500433,-0.00513293,-0.00525741,-0.00537793,-0.00549465,-0.0056077,-0.0057172,-0.00582328,-0.00592605,-0.00602561,-0.00612206,-0.00621548,-0.00630597,-0.0063936,-0.00647845,-0.00656059,-0.00664009,-0.006717,-0.0067914,-0.00686333,-0.00693285,-0.00700001,-0.00706486,-0.00712745,-0.00718781,-0.007246,-0.00730204,-0.00735597,-0.00740784,-0.00745767,-0.00750549,-0.00755134,-0.00759524,-0.00763722,-0.00767731,-0.00771553,-0.0077519,-0.00778644,-0.00781917,-0.00785012,-0.0078793,-0.00790673,-0.00793241,-0.00795638,-0.00797863,-0.00799919,-0.00801806,-0.00803526,-0.00805079,-0.00806466,-0.00807689,-0.00808747,-0.00809641,-0.00810372,-0.0081094,-0.00811346,-0.00811589,-0.0081167,-0.00811589,-0.00811346,-0.0081094,-0.00810372,-0.00809641,-0.00808747,-0.00807689,-0.00806466,-0.00805079,-0.00803526,-0.00801806,-0.00799919,-0.00797863,-0.00795638,-0.00793241,-0.00790673,-0.0078793,-0.00785012,-0.00781917,-0.00778644,-0.0077519,-0.00771553,-0.00767731,-0.00763722,-0.00759524,-0.00755134,-0.00750549,-0.00745767,-0.00740784,-0.00735597,-0.00730204,-0.007246,-0.00718781,-0.00712745,-0.00706486,-0.00700001,-0.00693285,-0.00686333,-0.0067914,-0.006717,-0.00664009,-0.00656059,-0.00647845,-0.0063936,-0.00630597,-0.00621548,-0.00612206,-0.00602561,-0.00592605,-0.00582328,-0.0057172,-0.0056077,-0.00549465,-0.00537793,-0.00525741,-0.00513293,-0.00500433,-0.00487144,-0.00473408,-0.00459202,-0.00444506,-0.00429292,-0.00413534,-0.00397201,-0.00380257,-0.00362665,-0.0034438,-0.00325352,-0.00305522,-0.00284823,-0.00263177,-0.00240489,-0.00216645,-0.00191507,-0.00164905,-0.00136623,-0.00106387,-0.000738502,-0.000385686,3.03146e-27
0,-0.000458995,-0.000883893,-0.00127926,-0.00164905,-0.00199658,-0.00232457,-0.00263528,-0.00293056,-0.00321192,-0.00348065,-0.00373784,-0.00398441,-0.00422115,-0.00444875,-0.00466781,-0.00487886,-0.00508237,-0.00527875,-0.0054684,-0.00565163,-0.00582877,-0.00600008,-0.00616583,-0.00632625,-0.00648155,-0.00663192,-0.00677756,-0.00691863,-0.00705529,-0.00718768,-0.00731595,-0.00744022,-0.00756061,-0.00767723,-0.00779019,-0.00789958,-0.00800551,-0.00810806,-0.00820731,-0.00830334,-0.00839623,-0.00848604,-0.00857285,-0.00865671,-0.00873769,-0.00881584,-0.00889122,-0.00896388,-0.00903386,-0.00910121,-0.00916598,-0.00922821,-0.00928793,-0.00934519,-0.00940002,-0.00945245,-0.00950251,-0.00955024,-0.00959566,-0.0096388,-0.00967969,-0.00971834,-0.00975478,-0.00978903,-0.00982111,-0.00985105,-0.00987884,-0.00990452,-0.00992809,-0.00994957,-0.00996896,-0.00998629,-0.0100016,-0.0100148,-0.0100259,-0.0100351,-0.0100422,-0.0100472,-0.0100503,-0.0100513,-0.0100503,-0.0100472,-0.0100422,-0.0100351,-0.0100259,-0.0100148,-0.0100016,-0.00998629,-0.00996896,-0.00994957,-0.00992809,-0.00990452,-0.00987884,-0.00985105,-0.00982111,-0.00978903,-0.00975478,-0.00971834,-0.00967969,-0.0096388,-0.00959566,-0.00955024,-0.00950251,-0.00945245,-0.00940002,-0.00934519,-0.00928793,-0.00922821,-0.00916598,-0.00910121,-0.00903386,-0.00896388,-0.00889122,-0.00881584,-0.00873769,-0.00865671,-0.00857285,-0.00848604,-0.00839623,-0.00830334,-0.00820731,-0.00810806,-0.00800551,-0.00789958,-0.00779019,-0.00767723,-0.00756061,-0.00744022,-0.00731595,-0.00718768,-0.00705529,-0.00691863,-0.00677756,-0.00663192,-0.00648155,-0.00632625,-0.00616583,-0.00600008,-0.00582877,-0.00565163,-0.0054684,-0.00527875,-0.00508237,-0.00487886,-0.00466781,-0.00444875,-0.00422115,-0.00398441,-0.00373784,-0.00348065,-0.00321192,-0.00293056,-0.00263528,-0.00232457,-0.00199658,-0.00164905,-0.00127926,-0.000883893,-0.000458995,3.78932e-27
0,-0.000527337,-0.00101975,-0.00148116,-0.00191507,-0.00232457,-0.0027123,-0.0030805,-0.00343107,-0.00376563,-0.00408556,-0.00439203,-0.00468608,-0.00496858,-0.00524033,-0.00550199,-0.00575419,-0.00599745,-0.00623228,-0.00645909,-0.00667828,-0.00689022,-0.00709523,-0.00729361,-0.00748563,-0.00767155,-0.0078516,-0.00802599,-0.00819492,-0.00835859,-0.00851716,-0.0086708,-0.00881965,-0.00896387,-0.00910358,-0.00923891,-0.00936998,-0.0094969,-0.00961977,-0.0097387,-0.00985377,-0.00996508,-0.0100727,-0.0101767,-0.0102772,-0.0103743,-0.010468,-0.0105583,-0.0106454,-0.0107293,-0.01081,-0.0108876,-0.0109622,-0.0110338,-0.0111024,-0.0111681,-0.011231,-0.011291,-0.0113482,-0.0114027,-0.0114544,-0.0115034,-0.0115497,-0.0115934,-0.0116345,-0.0116729,-0.0117088,-0.0117421,-0.0117729,-0.0118012,-0.0118269,-0.0118502,-0.0118709,-0.0118892,-0.0119051,-0.0119185,-0.0119294,-0.0119379,-0.011944,-0.0119476,-0.0119489,-0.0119476,-0.011944,-0.0119379,-0.0119294,-0.0119185,-0.0119051,-0.0118892,-0.0118709,-0.0118502,-0.0118269,-0.0118012,-0.0117729,-0.0117421,-0.0117088,-0.0116729,-0.0116345,-0.0115934,-0.0115497,-0.0115034,-0.0114544,-0.0114027,-0.0113482,-0.011291,-0.011231,-0.0111681,-0.0111024,-0.0110338,-0.0109622,-0.0108876,-0.01081,-0.0107293,-0.0106454,-0.0105583,-0.010468,-0.0103743,-0.0102772,-0.0101767,-0.0100727,-0.00996508,-0.00985377,-0.0097387,-0.00961977,-0.0094969,-0.00936998,-0.00923891,-0.00910358,-0.00896387,-0.00881965,-0.0086708,-0.00851716,-0.00835859,-0.00819492,-0.00802599,-0.0078516,-0.00767155,-0.00748563,-0.00729361,-0.00709523,-0.00689022,-0.00667828,-0.00645909,-0.00623228,-0.00599745,-0.00575419,-0.00550199,-0.00524033,-0.00496858,-0.00468608,-0.00439203,-0.00408556,-0.00376563,-0.00343107,-0.0030805,-0.0027123,-0.00232457,-0.00191507,-0.00148116,-0.00101975,-0.000527337,4.54719e-27
0,-0.000591538,-0.00114756,-0.00167148,-0.00216645,-0.00263528,-0.0030805,-0.00350429,-0.00390854,-0.00429492,-0.00466485,-0.00501959,-0.00536022,-0.00568772,-0.00600293,-0.00630659,-0.00659939,-0.00688193,-0.00715475,-0.00741834,-0.00767314,-0.00791955,-0.00815796,-0.00838869,-0.00861207,-0.00882837,-0.00903787,-0.00924082,-0.00943743,-0.00962793,-0.00981251,-0.00999137,-0.0101647,-0.0103326,-0.0104953,-0.0106528,-0.0108055,-0.0109533,-0.0110964,-0.0112349,-0.0113689,-0.0114986,-0.0116239,-0.0117451,-0.0118622,-0.0119752,-0.0120844,-0.0121896,-0.012291,-0.0123888,-0.0124828,-0.0125733,-0.0126602,-0.0127436,-0.0128235,-0.0129001,-0.0129733,-0.0130432,-0.0131099,-0.0131733,-0.0132336,-0.0132907,-0.0133447,-0.0133956,-0.0134434,-0.0134883,-0.0135301,-0.0135689,-0.0136048,-0.0136377,-0.0136677,-0.0136948,-0.013719,-0.0137403,-0.0137588,-0.0137744,-0.0137871,-0.0137971,-0.0138041,-0.0138084,-0.0138098,-0.0138084,-0.0138041,-0.0137971,-0.0137871,-0.0137744,-0.0137588,-0.0137403,-0.013719,-0.0136948,-0.0136677,-0.0136377,-0.0136048,-0.0135689,-0.0135301,-0.0134883,-0.0134434,-0.0133956,-0.0133447,-0.0132907,-0.0132336,-0.0131733,-0.0131099,-0.0130432,-0.0129733,-0.0129001,-0.0128235,-0.0127436,-0.0126602,-0.0125733,-0.0124828,-0.0123888,-0.012291,-0.0121896,-0.0120844,-0.0119752,-0.0118622,-0.0117451,-0.0116239,-0.0114986,-0.0113689,-0.0112349,-0.0110964,-0.0109533,-0.0108055,-0.0106528,-0.0104953,-0.0103326,-0.0101647,-0.00999137,-0.00981251,-0.00962793,-0.00943743,-0.00924082,-0.00903787,-0.00882837,-0.00861207,-0.00838869,-0.00815796,-0.00791955,-0.00767314,-0.00741834,-0.00715475,-0.00688193,-0.00659939,-0.00630659,-0.00600293,-0.00568772,-0.00536022,-0.00501959,-0.00466485,-0.00429492,-0.00390854,-0.00350429,-0.0030805,-0.00263528,-0.00216645,-0.00167148,-0.00114756,-0.000591538,5.30505e-27
0,-0.000652187,-0.00126842,-0.00185171,-0.00240489,-0.00293056,-0.00343107,-0.00390854,-0.00436483,-0.00480159,-0.00522028,-0.00562219,-0.00600846,-0.00638009,-0.00673801,-0.007083,-0.00741581,-0.00773708,-0.0080474,-0.00834732,-0.00863731,-0.00891784,-0.0091893,-0.00945208,-0.00970652,-0.00995295,-0.0101917,-0.0104229,-0.010647,-0.0108641,-0.0110745,-0.0112784,-0.011476,-0.0116675,-0.011853,-0.0120327,-0.0122068,-0.0123753,-0.0125385,-0.0126965,-0.0128494,-0.0129973,-0.0131403,-0.0132785,-0.0134121,-0.0135411,-0.0136656,-0.0137856,-0.0139014,-0.0140129,-0.0141202,-0.0142234,-0.0143226,-0.0144177,-0.014509,-0.0145964,-0.0146799,-0.0147597,-0.0148358,-0.0149082,-0.0149769,-0.0150421,-0.0151037,-0.0151618,-0.0152164,-0.0152676,-0.0153153,-0.0153596,-0.0154005,-0.0154381,-0.0154724,-0.0155033,-0.0155309,-0.0155552,-0.0155763,-0.0155941,-0.0156087,-0.01562,-0.0156281,-0.0156329,-0.0156345,-0.0156329,-0.0156281,-0.01562,-0.0156087,-0.0155941,-0.0155763,-0.0155552,-0.0155309,-0.0155033,-0.0154724,-0.0154381,-0.0154005,-0.0153596,-0.0153153,-0.0152676,-0.0152164,-0.0151618,-0.0151037,-0.0150421,-0.0149769,-0.0149082,-0.0148358,-0.0147597,-0.0146799,-0.0145964,-0.014509,-0.0144177,-0.0143226,-0.0142234,-0.0141202,-0.0140129,-0.0139014,-0.0137856,-0.0136656,-0.0135411,-0.0134121,-0.0132785,-0.0131403,-0.0129973,-0.0128494,-0.0126965,-0.0125385,-0.0123753,-0.0122068,-0.0120327,-0.011853,-0.0116675,-0.011476,-0.0112784,-0.0110745,-0.0108641,-0.010647,-0.0104229,-0.0101917,-0.00995295,-0.00970652,-0.00945208,-0.0091893,-0.00891784,-0.00863731,-0.00834732,-0.0080474,-0.00773708,-0.00741581,-0.007083,-0.00673801,-0.00638009,-0.00600846,-0.00562219,-0.00522028,-0.00480159,-0.00436483,-0.00390854,-0.00343107,-0.00293056,-0.00240489,-0.00185171,-0.00126842,-0.000652187,6.06291e-27
0,-0.000709729,-0.00138316,-0.00202298,-0.00263177,-0.00321192,-0.00376563,-0.00429492,-0.00480159,-0.00528728,-0.00575344,-0.00620138,-0.00663226,-0.00704713,-0.00744695,-0.00783255,-0.0082047,-0.00856411,-0.00891141,-0.00924716,-0.00957191,-0.00988614,-0.0101903,-0.0104848,-0.0107699,-0.0110462,-0.0113138,-0.0115732,-0.0118245,-0.012068,-0.012304,-0.0125328,-0.0127545,-0.0129693,-0.0131775,-0.0133791,-0.0135745,-0.0137637,-0.0139469,-0.0141242,-0.0142958,-0.0144619,-0.0146224,-0.0147776,-0.0149276,-0.0150724,-0.0152121,-0.015347,-0.0154769,-0.0156021,-0.0157227,-0.0158385,-0.0159499,-0.0160568,-0.0161593,-0.0162574,-0.0163512,-0.0164408,-0.0165263,-0.0166076,-0.0166848,-0.016758,-0.0168272,-0.0168925,-0.0169538,-0.0170113,-0.0170649,-0.0171146,-0.0171606,-0.0172028,-0.0172413,-0.017276,-0.0173071,-0.0173344,-0.0173581,-0.0173781,-0.0173944,-0.0174071,-0.0174162,-0.0174216,-0.0174235,-0.0174216,-0.0174162,-0.0174071,-0.0173944,-0.0173781,-0.0173581,-0.0173344,-0.0173071,-0.017276,-0.0172413,-0.0172028,-0.0171606,-0.0171146,-0.0170649,-0.0170113,-0.0169538,-0.0168925,-0.0168272,-0.016758,-0.0166848,-0.0166076,-0.0165263,-0.0164408,-0.0163512,-0.0162574,-0.0161593,-0.0160568,-0.0159499,-0.0158385,-0.0157227,-0.0156021,-0.0154769,-0.015347,-0.0152121,-0.0150724,-0.0149276,-0.0147776,-0.0146224,-0.0144619,-0.0142958,-0.0141242,-0.0139469,-0.0137637,-0.0135745,-0.0133791,-0.0131775,-0.0129693,-0.0127545,-0.0125328,-0.012304,-0.012068,-0.0118245,-0.0115732,-0.0113138,-0.0110462,-0.0107699,-0.0104848,-0.0101903,-0.00988614,-0.00957191,-0.00924716,-0.00891141,-0.00856411,-0.0082047,-0.00783255,-0.00744695,-0.00704713,-0.00663226,-0.00620138,-0.00575344,-0.00528728,-0.00480159,-0.00429492,-0.00376563,-0.00321192,-0.00263177,-0.00202298,-0.00138316,-0.000709729,6.82078e-27
0,-0.000764508,-0.00149244,-0.00218624,-0.00284823,-0.00348065,-0.00408556,-0.00466485,-0.00522028,-0.00575344,-0.00626576,-0.00675856,-0.00723301,-0.00769018,-0.00813104,-0.00855648,-0.00896729,-0.00936421,-0.0097479,-0.010119,-0.010478,-0.0108255,-0.0111619,-0.0114877,-0.0118033,-0.012109,-0.0124053,-0.0126924,-0.0129706,-0.0132404,-0.0135018,-0.0137552,-0.0140007,-0.0142387,-0.0144694,-0.0146928,-0.0149093,-0.015119,-0.015322,-0.0155186,-0.0157088,-0.0158928,-0.0160708,-0.0162429,-0.0164091,-0.0165697,-0.0167246,-0.0168741,-0.0170182,-0.0171571,-0.0172907,-0.0174192,-0.0175427,-0.0176612,-0.0177748,-0.0178837,-0.0179877,-0.0180871,-0.0181819,-0.0182721,-0.0183577,-0.0184389,-0.0185157,-0.018588,-0.0186561,-0.0187198,-0.0187792,-0.0188344,-0.0188854,-0.0189322,-0.0189749,-0.0190134,-0.0190479,-0.0190782,-0.0191044,-0.0191266,-0.0191448,-0.0191589,-0.0191689,-0.019175,-0.019177,-0.019175,-0.0191689,-0.0191589,-0.0191448,-0.0191266,-0.0191044,-0.0190782,-0.0190479,-0.0190134,-0.0189749,-0.0189322,-0.0188854,-0.0188344,-0.0187792,-0.0187198,-0.0186561,-0.018588,-0.0185157,-0.0184389,-0.0183577,-0.0182721,-0.0181819,-0.0180871,-0.0179877,-0.0178837,-0.0177748,-0.0176612,-0.0175427,-0.0174192,-0.0172907,-0.0171571,-0.0170182,-0.0168741,-0.0167246,-0.0165697,-0.0164091,-0.0162429,-0.0160708,-0.0158928,-0.0157088,-0.0155186,-0.015322,-0.015119,-0.0149093,-0.0146928,-0.0144694,-0.0142387,-0.0140007,-0.0137552,-0.0135018,-0.0132404,-0.0129706,-0.0126924,-0.0124053,-0.012109,-0.0118033,-0.0114877,-0.0111619,-0.0108255,-0.010478,-0.010119,-0.0097479,-0.00936421,-0.00896729,-0.00855648,-0.00813104,-0.00769018,-0.00723301,-0.00675856,-0.00626576,-0.00575344,-0.00522028,-0.00466485,-0.00408556,-0.00348065,-0.00284823,-0.00218624,-0.00149244,-0.000764508,7.57864e-27
0,-0.000816801,-0.0015968,-0.00234222,-0.00305522,-0.00373784,-0.00439203,-0.00501959,-0.00562219,-0.00620138,-0.00675856,-0.00729503,-0.00781198,-0.00831048,-0.00879151,-0.00925599,-0.00970472,-0.0101385,-0.010558,-0.0109638,-0.0113565,-0.0117368,-0.012105,-0.0124618,-0.0128073,-0.0131422,-0.0134668,-0.0137814,-0.0140863,-0.0143819,-0.0146685,-0.0149463,-0.0152155,-0.0154765,-0.0157294,-0.0159745,-0.0162119,-0.0164419,-0.0166646,-0.0168802,-0.0170889,-0.0172908,-0.0174861,-0.0176749,-0.0178573,-0.0180335,-0.0182036,-0.0183676,-0.0185258,-0.0186781,-0.0188248,-0.0189658,-0.0191014,-0.0192315,-0.0193562,-0.0194757,-0.0195899,-0.019699,-0.019803,-0.019902,-0.0199961,-0.0200852,-0.0201694,-0.0202489,-0.0203236,-0.0203935,-0.0204588,-0.0205194,-0.0205754,-0.0206268,-0.0206736,-0.0207159,-0.0207537,-0.020787,-0.0208159,-0.0208402,-0.0208601,-0.0208756,-0.0208867,-0.0208933,-0.0208955,-0.0208933,-0.0208867,-0.0208756,-0.0208601,-0.0208402,-0.0208159,-0.020787,-0.0207537,-0.0207159,-0.0206736,-0.0206268,-0.0205754,-0.0205194,-0.0204588,-0.0203935,-0.0203236,-0.0202489,-0.0201694,-0.0200852,-0.0199961,-0.019902,-0.019803,-0.019699,-0.0195899,-0.0194757,-0.0193562,-0.0192315,-0.0191014,-0.0189658,-0.0188248,-0.0186781,-0.0185258,-0.0183676,-0.0182036,-0.0180335,-0.0178573,-0.0176749,-0.0174861,-0.0172908,-0.0170889,-0.0168802,-0.0166646,-0.0164419,-0.0162119,-0.0159745,-0.0157294,-0.0154765,-0.0152155,-0.0149463,-0.0146685,-0.0143819,-0.0140863,-0.0137814,-0.0134668,-0.0131422,-0.0128073,-0.0124618,-0.012105,-0.0117368,-0.0113565,-0.0109638,-0.010558,-0.0101385,-0.00970472,-0.00925599,-0.00879151,-0.00831048,-0.00781198,-0.00729503,-0.00675856,-0.00620138,-0.00562219,-0.00501959,-0.00439203,-0.00373784,-0.00305522,-0.00234222,-0.0015968,-0.000816801,3.03222e-26
0,-0.000866834,-0.00169668,-0.00249158,-0.00325352,-0.00398441,-0.00468608,-0.00536022,-0.00600846,-0.00663226,-0.00723301,-0.00781198,-0.00837035,-0.00890919,-0.00942949,-0.00993218,-0.0104181,-0.010888,-0.0113426,-0.0117826,-0.0122086,-0.0126211,-0.0130207,-0.0134079,-0.0137831,-0.0141468,-0.0144993,-0.014841,-0.0151723,-0.0154935,-0.015805,-0.0161069,-0.0163996,-0.0166833,-0.0169582,-0.0172247,-0.0174829,-0.017733,-0.0179753,-0.0182098,-0.0184368,-0.0186564,-0.0188689,-0.0190743,-0.0192727,-0.0194644,-0.0196495,-0.019828,-0.0200001,-0.0201659,-0.0203255,-0.020479,-0.0206265,-0.0207681,-0.0209038,-0.0210338,-0.0211582,-0.0212769,-0.0213902,-0.0214979,-0.0216003,-0.0216973,-0.021789,-0.0218755,-0.0219568,-0.0220329,-0.022104,-0.02217,-0.0222309,-0.0222869,-0.0223379,-0.0223839,-0.0224251,-0.0224613,-0.0224927,-0.0225192,-0.0225409,-0.0225578,-0.0225698,-0.022577,-0.0225794,-0.022577,-0.0225698,-0.0225578,-0.0225409,-0.0225192,-0.0224927,-0.0224613,-0.0224251,-0.0223839,-0.0223379,-0.0222869,-0.0222309,-0.02217,-0.022104,-0.0220329,-0.0219568,-0.0218755,-0.021789,-0.0216973,-0.0216003,-0.0214979,-0.0213902,-0.0212769,-0.0211582,-0.0210338,-0.0209038,-0.0207681,-0.0206265,-0.020479,-0.0203255,-0.0201659,-0.0200001,-0.019828,-0.0196495,-0.0194644,-0.0192727,-0.0190743,-0.0188689,-0.0186564,-0.0184368,-0.0182098,-0.0179753,-0.017733,-0.0174829,-0.0172247,-0.0169582,-0.0166833,-0.0163996,-0.0161069,-0.015805,-0.0154935,-0.0151723,-0.014841,-0.0144993,-0.0141468,-0.0137831,-0.0134079,-0.0130207,-0.0126211,-0.0122086,-0.0117826,-0.0113426,-0.010888,-0.0104181,-0.00993218,-0.00942949,-0.00890919,-0.00837035,-0.00781198,-0.00723301,-0.00663226,-0.00600846,-0.00536022,-0.00468608,-0.00398441,-0.00325352,-0.00249158,-0.00169668,-0.000866834,9.09437e-27
0,-0.000914794,-0.00179244,-0.00263483,-0.0034438,-0.00422115,-0.00496858,-0.00568772,-0.00638009,-0.00704713,-0.00769018,-0.00831048,-0.00890919,-0.00948738,-0.010046,-0.0105861,-0.0111084,-0.0116137,-0.0121028,-0.0125764,-0.013035,-0.0134793,-0.0139098,-0.014327,-0.0147313,-0.0151234,-0.0155035,-0.015872,-0.0162294,-0.0165759,-0.0169119,-0.0172377,-0.0175535,-0.0178597,-0.0181565,-0.0184442,-0.018723,-0.018993,-0.0192546,-0.0195078,-0.019753,-0.0199902,-0.0202196,-0.0204415,-0.0206559,-0.0208629,-0.0210628,-0.0212557,-0.0214416,-0.0216208,-0.0217932,-0.0219591,-0.0221185,-0.0222715,-0.0224182,-0.0225587,-0.022693,-0.0228214,-0.0229437,-0.0230602,-0.0231708,-0.0232756,-0.0233748,-0.0234683,-0.0235561,-0.0236384,-0.0237152,-0.0237865,-0.0238524,-0.0239129,-0.023968,-0.0240178,-0.0240623,-0.0241015,-0.0241354,-0.024164,-0.0241875,-0.0242057,-0.0242187,-0.0242265,-0.0242291,-0.0242265,-0.0242187,-0.0242057,-0.0241875,-0.024164,-0.0241354,-0.0241015,-0.0240623,-0.0240178,-0.023968,-0.0239129,-0.0238524,-0.0237865,-0.0237152,-0.0236384,-0.0235561,-0.0234683,-0.0233748,-0.0232756,-0.0231708,-0.0230602,-0.0229437,-0.0228214,-0.022693,-0.0225587,-0.0224182,-0.0222715,-0.0221185,-0.0219591,-0.0217932,-0.0216208,-0.0214416,-0.0212557,-0.0210628,-0.0208629,-0.0206559,-0.0204415,-0.0202196,-0.0199902,-0.019753,-0.0195078,-0.0192546,-0.018993,-0.018723,-0.0184442,-0.0181565,-0.0178597,-0.0175535,-0.0172377,-0.0169119,-0.0165759,-0.0162294,-0.015872,-0.0155035,-0.0151234,-0.0147313,-0.014327,-0.0139098,-0.0134793,-0.013035,-0.0125764,-0.0121028,-0.0116137,-0.0111084,-0.0105861,-0.010046,-0.00948738,-0.00890919,-0.00831048,-0.00769018,-0.00704713,-0.00638009,-0.00568772,-0.00496858,-0.00422115,-0.0034438,-0.00263483,-0.00179244,-0.000914794,-1.21335e-26
0,-0.000960841,-0.0018844,-0.00277243,-0.00362665,-0.00444875,-0.00524033,-0.00600293,-0.00673801,-0.00744695,-0.00813104,-0.00879151,-0.00942949,-0.010046,-0.0106421,-0.0112187,-0.0117766,-0.0123167,-0.0128396,-0.013346,-0.0138367,-0.0143122,-0.014773,-0.0152198,-0.0156529,-0.0160729,-0.0164802,-0.0168752,-0.0172582,-0.0176297,-0.01799,-0.0183393,-0.0186781,-0.0190065,-0.019325,-0.0196336,-0.0199327,-0.0202225,-0.0205032,-0.020775,-0.0210381,-0.0212927,-0.021539,-0.0217771,-0.0220073,-0.0222296,-0.0224442,-0.0226513,-0.022851,-0.0230433,-0.0232285,-0.0234066,-0.0235778,-0.0237421,-0.0238997,-0.0240506,-0.0241949,-0.0243327,-0.0244642,-0.0245892,-0.0247081,-0.0248207,-0.0249272,-0.0250276,-0.025122,-0.0252104,-0.0252929,-0.0253695,-0.0254403,-0.0255053,-0.0255645,-0.025618,-0.0256657,-0.0257078,-0.0257443,-0.0257751,-0.0258002,-0.0258198,-0.0258338,-0.0258422,-0.025845,-0.0258422,-0.0258338,-0.0258198,-0.0258002,-0.0257751,-0.0257443,-0.0257078,-0.0256657,-0.025618,-0.0255645,-0.0255053,-0.0254403,-0.0253695,-0.0252929,-0.0252104,-0.025122,-0.0250276,-0.0249272,-0.0248207,-0.0247081,-0.0245892,-0.0244642,-0.0243327,-0.0241949,-0.0240506,-0.0238997,-0.0237421,-0.0235778,-0.0234066,-0.0232285,-0.0230433,-0.022851,-0.0226513,-0.0224442,-0.0222296,-0.0220073,-0.0217771,-0.021539,-0.0212927,-0.0210381,-0.020775,-0.0205032,-0.0202225,-0.0199327,-0.0196336,-0.019325,-0.0190065,-0.0186781,-0.0183393,-0.01799,-0.0176297,-0.0172582,-0.0168752,-0.0164802,-0.0160729,-0.0156529,-0.0152198,-0.014773,-0.0143122,-0.0138367,-0.013346,-0.0128396,-0.0123167,-0.0117766,-0.0112187,-0.0106421,-0.010046,-0.00942949,-0.00879151,-0.00813104,-0.00744695,-0.00673801,-0.00600293,-0.00524033,-0.00444875,-0.00362665,-0.00277243,-0.0018844,-0.000960841,1.06101e-26
0,-0.00100511,-0.00197282,-0.00290477,-0.00380257,-0.00466781,-0.00550199,-0.00630659,-0.007083,-0.00783255,-0.00855648,-0.00925599,-0.00993218,-0.0105861,-0.0112187,-0.011831,-0.0124237,-0.0129977,-0.0135537,-0.0140924,-0.0146146,-0.0151207,-0.0156114,-0.0160872,-0.0165486,-0.0169961,-0.0174302,-0.0178512,-0.0182596,-0.0186557,-0.0190399,-0.0194126,-0.0197739,-0.0201244,-0.0204641,-0.0207935,-0.0211127,-0.021422,-0.0217216,-0.0220117,-0.0222926,-0.0225645,-0.0228275,-0.0230818,-0.0233275,-0.023565,-0.0237942,-0.0240153,-0.0242286,-0.024434,-0.0246318,-0.0248221,-0.025005,-0.0251805,-0.0253488,-0.02551,-0.0256642,-0.0258115,-0.0259519,-0.0260856,-0.0262125,-0.0263329,-0.0264466,-0.0265539,-0.0266548,-0.0267493,-0.0268374,-0.0269193,-0.0269949,-0.0270644,-0.0271277,-0.0271848,-0.0272359,-0.0272808,-0.0273198,-0.0273527,-0.0273796,-0.0274005,-0.0274155,-0.0274244,-0.0274274,-0.0274244,-0.0274155,-0.0274005,-0.0273796,-0.0273527,-0.0273198,-0.0272808,-0.0272359,-0.0271848,-0.0271277,-0.0270644,-0.0269949,-0.0269193,-0.0268374,-0.0267493,-0.0266548,-0.0265539,-0.0264466,-0.0263329,-0.0262125,-0.0260856,-0.0259519,-0.0258115,-0.0256642,-0.02551,-0.0253488,-0.0251805,-0.025005,-0.0248221,-0.0246318,-0.024434,-0.0242286,-0.0240153,-0.0237942,-0.023565,-0.0233275,-0.0230818,-0.0228275,-0.0225645,-0.0222926,-0.0220117,-0.0217216,-0.021422,-0.0211127,-0.0207935,-0.0204641,-0.0201244,-0.0197739,-0.0194126,-0.0190399,-0.0186557,-0.0182596,-0.0178512,-0.0174302,-0.0169961,-0.0165486,-0.0160872,-0.0156114,-0.0151207,-0.0146146,-0.0140924,-0.0135537,-0.0129977,-0.0124237,-0.011831,-0.0112187,-0.0105861,-0.00993218,-0.00925599,-0.00855648,-0.00783255,-0.007083,-0.00630659,-0.00550199,-0.00466781,-0.00380257,-0.00290477,-0.00197282,-0.00100511,3.33537e-26
0,-0.00104772,-0.00205794,-0.0030322,-0.00397201,-0.00487886,-0.00575419,-0.00659939,-0.00741581,-0.0082047,-0.00896729,-0.00970472,-0.0104181,-0.0111084,-0.0117766,-0.0124237,-0.0130504,-0.0136576,-0.014246,-0.0148164,-0.0153694,-0.0159056,-0.0164256,-0.0169299,-0.0174191,-0.0178937,-0.0183541,-0.0188008,-0.0192342,-0.0196546,-0.0200624,-0.020458,-0.0208417,-0.0212138,-0.0215747,-0.0219245,-0.0222635,-0.0225921,-0.0229104,-0.0232187,-0.0235172,-0.0238061,-0.0240856,-0.0243559,-0.0246171,-0.0248695,-0.0251131,-0.0253482,-0.025575,-0.0257934,-0.0260037,-0.026206,-0.0264004,-0.0265871,-0.0267661,-0.0269375,-0.0271015,-0.0272581,-0.0274074,-0.0275496,-0.0276846,-0.0278126,-0.0279336,-0.0280477,-0.028155,-0.0282555,-0.0283492,-0.0284363,-0.0285168,-0.0285906,-0.0286579,-0.0287187,-0.028773,-0.0288209,-0.0288623,-0.0288973,-0.0289259,-0.0289482,-0.0289641,-0.0289736,-0.0289768,-0.0289736,-0.0289641,-0.0289482,-0.0289259,-0.0288973,-0.0288623,-0.0288209,-0.028773,-0.0287187,-0.0286579,-0.0285906,-0.0285168,-0.0284363,-0.0283492,-0.0282555,-0.028155,-0.0280477,-0.0279336,-0.0278126,-0.0276846,-0.0275496,-0.0274074,-0.0272581,-0.0271015,-0.0269375,-0.0267661,-0.0265871,-0.0264004,-0.026206,-0.0260037,-0.0257934,-0.025575,-0.0253482,-0.0251131,-0.0248695,-0.0246171,-0.0243559,-0.0240856,-0.0238061,-0.0235172,-0.0232187,-0.0229104,-0.0225921,-0.0222635,-0.0219245,-0.0215747,-0.0212138,-0.0208417,-0.020458,-0.0200624,-0.0196546,-0.0192342,-0.0188008,-0.0183541,-0.0178937,-0.0174191,-0.0169299,-0.0164256,-0.0159056,-0.0153694,-0.0148164,-0.014246,-0.0136576,-0.0130504,-0.0124237,-0.0117766,-0.0111084,-0.0104181,-0.00970472,-0.00896729,-0.0082047,-0.00741581,-0.00659939,-0.00575419,-0.00487886,-0.00397201,-0.0030322,-0.00205794,-0.00104772,1.21258e-26
0,-0.00108878,-0.00213997,-0.00315501,-0.00413534,-0.00508237,-0.00599745,-0.00688193,-0.00773708,-0.00856411,-0.00936421,-0.0101385,-0.010888,-0.0116137,-0.0123167,-0.0129977,-0.0136576,-0.0142973,-0.0149174,-0.0155188,-0.0161019,-0.0166676,-0.0172163,-0.0177487,-0.0182653,-0.0187665,-0.0192528,-0.0197247,-0.0201827,-0.020627,-0.0210581,-0.0214763,-0.021882,-0.0222755,-0.0226572,-0.0230272,-0.0233859,-0.0237335,-0.0240703,-0.0243965,-0.0247124,-0.0250181,-0.0253139,-0.0256,-0.0258765,-0.0261437,-0.0264016,-0.0266505,-0.0268906,-0.0271218,-0.0273445,-0.0275587,-0.0277646,-0.0279623,-0.0281518,-0.0283334,-0.0285071,-0.0286729,-0.0288311,-0.0289816,-0.0291247,-0.0292602,-0.0293884,-0.0295093,-0.0296229,-0.0297294,-0.0298287,-0.0299209,-0.0300062,-0.0300844,-0.0301557,-0.0302201,-0.0302777,-0.0303284,-0.0303722,-0.0304093,-0.0304396,-0.0304632,-0.03048,-0.0304901,-0.0304935,-0.0304901,-0.03048,-0.0304632,-0.0304396,-0.0304093,-0.0303722,-0.0303284,-0.0302777,-0.0302201,-0.0301557,-0.0300844,-0.0300062,-0.0299209,-0.0298287,-0.0297294,-0.0296229,-0.0295093,-0.0293884,-0.0292602,-0.0291247,-0.0289816,-0.0288311,-0.0286729,-0.0285071,-0.0283334,-0.0281518,-0.0279623,-0.0277646,-0.0275587,-0.0273445,-0.0271218,-0.0268906,-0.0266505,-0.0264016,-0.0261437,-0.0258765,-0.0256,-0.0253139,-0.0250181,-0.0247124,-0.0243965,-0.0240703,-0.0237335,-0.0233859,-0.0230272,-0.0226572,-0.0222755,-0.021882,-0.0214763,-0.0210581,-0.020627,-0.0201827,-0.0197247,-0.0192528,-0.0187665,-0.0182653,-0.0177487,-0.0172163,-0.0166676,-0.0161019,-0.0155188,-0.0149174,-0.0142973,-0.0136576,-0.0129977,-0.0123167,-0.0116137,-0.010888,-0.0101385,-0.00936421,-0.00856411,-0.00773708,-0.00688193,-0.00599745,-0.00508237,-0.00413534,-0.00315501,-0.00213997,-0.00108878,-9.10203e-27
0,-0.00112838,-0.00221908,-0.00327347,-0.00429292,-0.00527875,-0.00623228,-0.00715475,-0.0080474,-0.00891141,-0.0097479,-0.010558,-0.0113426,-0.0121028,-0.0128396,-0.0135537,-0.014246,-0.0149174,-0.0155686,-0.0162002,-0.016813,-0.0174075,-0.0179845,-0.0185443,-0.0190877,-0.019615,-0.0201269,-0.0206236,-0.0211057,-0.0215736,-0.0220276,-0.0224681,-0.0228955,-0.0233101,-0.0237123,-0.0241022,-0.0244802,-0.0248466,-0.0252017,-0.0255456,-0.0258787,-0.026201,-0.026513,-0.0268146,-0.0271063,-0.027388,-0.0276601,-0.0279227,-0.0281759,-0.0284199,-0.0286548,-0.0288808,-0.029098,-0.0293066,-0.0295066,-0.0296982,-0.0298814,-0.0300565,-0.0302234,-0.0303822,-0.0305332,-0.0306762,-0.0308115,-0.0309391,-0.031059,-0.0311714,-0.0312762,-0.0313736,-0.0314635,-0.0315461,-0.0316214,-0.0316894,-0.0317501,-0.0318036,-0.0318499,-0.0318891,-0.0319211,-0.031946,-0.0319637,-0.0319744,-0.0319779,-0.0319744,-0.0319637,-0.031946,-0.0319211,-0.0318891,-0.0318499,-0.0318036,-0.0317501,-0.0316894,-0.0316214,-0.0315461,-0.0314635,-0.0313736,-0.0312762,-0.0311714,-0.031059,-0.0309391,-0.0308115,-0.0306762,-0.0305332,-0.0303822,-0.0302234,-0.0300565,-0.0298814,-0.0296982,-0.0295066,-0.0293066,-0.029098,-0.0288808,-0.0286548,-0.0284199,-0.0281759,-0.0279227,-0.0276601,-0.027388,-0.0271063,-0.0268146,-0.026513,-0.026201,-0.0258787,-0.0255456,-0.0252017,-0.0248466,-0.0244802,-0.0241022,-0.0237123,-0.0233101,-0.0228955,-0.0224681,-0.0220276,-0.0215736,-0.0211057,-0.0206236,-0.0201269,-0.019615,-0.0190877,-0.0185443,-0.0179845,-0.0174075,-0.016813,-0.0162002,-0.0155686,-0.0149174,-0.014246,-0.0135537,-0.0128396,-0.0121028,-0.0113426,-0.010558,-0.0097479,-0.00891141,-0.0080474,-0.00715475,-0.00623228,-0.00527875,-0.00429292,-0.00327347,-0.00221908,-0.00112838,1.36416e-26
0,-0.00116659,-0.00229543,-0.00338782,-0.00444506,-0.0054684,-0.00645909,-0.00741834,-0.00834732,-0.00924716,-0.010119,-0.0109638,-0.0117826,-0.0125764,-0.013346,-0.0140924,-0.0148164,-0.0155188,-0.0162002,-0.0168614,-0.0175032,-0.018126,-0.0187306,-0.0193174,-0.0198871,-0.0204401,-0.020977,-0.0214981,-0.022004,-0.022495,-0.0229716,-0.023434,-0.0238828,-0.0243182,-0.0247405,-0.0251501,-0.0255472,-0.0259321,-0.0263052,-0.0266666,-0.0270166,-0.0273554,-0.0276832,-0.0280003,-0.0283069,-0.0286031,-0.0288891,-0.0291652,-0.0294314,-0.029688,-0.029935,-0.0301727,-0.0304011,-0.0306204,-0.0308308,-0.0310323,-0.031225,-0.0314091,-0.0315847,-0.0317518,-0.0319105,-0.032061,-0.0322034,-0.0323376,-0.0324637,-0.0325819,-0.0326922,-0.0327946,-0.0328893,-0.0329762,-0.0330553,-0.0331269,-0.0331908,-0.0332471,-0.0332958,-0.033337,-0.0333707,-0.0333968,-0.0334155,-0.0334267,-0.0334305,-0.0334267,-0.0334155,-0.0333968,-0.0333707,-0.033337,-0.0332958,-0.0332471,-0.0331908,-0.0331269,-0.0330553,-0.0329762,-0.0328893,-0.0327946,-0.0326922,-0.0325819,-0.0324637,-0.0323376,-0.0322034,-0.032061,-0.0319105,-0.0317518,-0.0315847,-0.0314091,-0.031225,-0.0310323,-0.0308308,-0.0306204,-0.0304011,-0.0301727,-0.029935,-0.029688,-0.0294314,-0.0291652,-0.0288891,-0.0286031,-0.0283069,-0.0280003,-0.0276832,-0.0273554,-0.0270166,-0.0266666,-0.0263052,-0.0259321,-0.0255472,-0.0251501,-0.0247405,-0.0243182,-0.0238828,-0.023434,-0.0229716,-0.022495,-0.022004,-0.0214981,-0.020977,-0.0204401,-0.0198871,-0.0193174,-0.0187306,-0.018126,-0.0175032,-0.0168614,-0.0162002,-0.0155188,-0.0148164,-0.0140924,-0.013346,-0.0125764,-0.0117826,-0.0109638,-0.010119,-0.00924716,-0.00834732,-0.00741834,-0.00645909,-0.0054684,-0.00444506,-0.00338782,-0.00229543,-0.00116659,3.63851e-26
0,-0.0012035,-0.00236917,-0.00349828,-0.00459202,-0.00565163,-0.00667828,-0.00767314,-0.00863731,-0.00957191,-0.010478,-0.0113565,-0.0122086,-0.013035,-0.0138367,-0.0146146,-0.0153694,-0.0161019,-0.016813,-0.0175032,-0.0181732,-0.0188238,-0.0194554,-0.0200686,-0.0206641,-0.0212423,-0.0218037,-0.0223488,-0.0228781,-0.0233918,-0.0238906,-0.0243746,-0.0248444,-0.0253002,-0.0257425,-0.0261714,-0.0265873,-0.0269905,-0.0273813,-0.0277599,-0.0281266,-0.0284816,-0.0288252,-0.0291575,-0.0294788,-0.0297893,-0.0300891,-0.0303785,-0.0306576,-0.0309265,-0.0311855,-0.0314347,-0.0316742,-0.0319042,-0.0321248,-0.0323361,-0.0325382,-0.0327313,-0.0329154,-0.0330907,-0.0332572,-0.033415,-0.0335643,-0.033705,-0.0338374,-0.0339614,-0.034077,-0.0341845,-0.0342838,-0.0343749,-0.034458,-0.034533,-0.0346,-0.0346591,-0.0347102,-0.0347534,-0.0347887,-0.0348162,-0.0348358,-0.0348476,-0.0348515,-0.0348476,-0.0348358,-0.0348162,-0.0347887,-0.0347534,-0.0347102,-0.0346591,-0.0346,-0.034533,-0.034458,-0.0343749,-0.0342838,-0.0341845,-0.034077,-0.0339614,-0.0338374,-0.033705,-0.0335643,-0.033415,-0.0332572,-0.0330907,-0.0329154,-0.0327313,-0.0325382,-0.0323361,-0.0321248,-0.0319042,-0.0316742,-0.0314347,-0.0311855,-0.0309265,-0.0306576,-0.0303785,-0.0300891,-0.0297893,-0.0294788,-0.0291575,-0.0288252,-0.0284816,-0.0281266,-0.0277599,-0.0273813,-0.0269905,-0.0265873,-0.0261714,-0.0257425,-0.0253002,-0.0248444,-0.0243746,-0.0238906,-0.0233918,-0.0228781,-0.0223488,-0.0218037,-0.0212423,-0.0206641,-0.0200686,-0.0194554,-0.0188238,-0.0181732,-0.0175032,-0.016813,-0.0161019,-0.0153694,-0.0146146,-0.0138367,-0.013035,-0.0122086,-0.0113565,-0.010478,-0.00957191,-0.00863731,-0.00767314,-0.00667828,-0.00565163,-0.00459202,-0.00349828,-0.00236917,-0.0012035,1.51573e-26
0,-0.00123916,-0.00244043,-0.00360502,-0.00473408,-0.00582877,-0.00689022,-0.00791955,-0.00891784,-0.00988614,-0.0108255,-0.0117368,-0.0126211,-0.0134793,-0.0143122,-0.0151207,-0.0159056,-0.0166676,-0.0174075,-0.018126,-0.0188238,-0.0195014,-0.0201595,-0.0207986,-0.0214194,-0.0220223,-0.0226078,-0.0231764,-0.0237286,-0.0242647,-0.0247852,-0.0252905,-0.025781,-0.0262569,-0.0267187,-0.0271667,-0.0276011,-0.0280223,-0.0284306,-0.0288262,-0.0292094,-0.0295803,-0.0299394,-0.0302867,-0.0306226,-0.0309471,-0.0312606,-0.0315631,-0.0318549,-0.0321361,-0.0324069,-0.0326675,-0.0329179,-0.0331584,-0.0333891,-0.0336101,-0.0338214,-0.0340234,-0.034216,-0.0343993,-0.0345735,-0.0347386,-0.0348947,-0.035042,-0.0351804,-0.0353101,-0.0354311,-0.0355435,-0.0356474,-0.0357427,-0.0358296,-0.0359081,-0.0359782,-0.03604,-0.0360935,-0.0361387,-0.0361757,-0.0362044,-0.0362249,-0.0362372,-0.0362413,-0.0362372,-0.0362249,-0.0362044,-0.0361757,-0.0361387,-0.0360935,-0.03604,-0.0359782,-0.0359081,-0.0358296,-0.0357427,-0.0356474,-0.0355435,-0.0354311,-0.0353101,-0.0351804,-0.035042,-0.0348947,-0.0347386,-0.0345735,-0.0343993,-0.034216,-0.0340234,-0.0338214,-0.0336101,-0.0333891,-0.0331584,-0.0329179,-0.0326675,-0.0324069,-0.0321361,-0.0318549,-0.0315631,-0.0312606,-0.0309471,-0.0306226,-0.0302867,-0.0299394,-0.0295803,-0.0292094,-0.0288262,-0.0284306,-0.0280223,-0.0276011,-0.0271667,-0.0267187,-0.0262569,-0.025781,-0.0252905,-0.0247852,-0.0242647,-0.0237286,-0.0231764,-0.0226078,-0.0220223,-0.0214194,-0.0207986,-0.0201595,-0.0195014,-0.0188238,-0.018126,-0.0174075,-0.0166676,-0.0159056,-0.0151207,-0.0143122,-0.0134793,-0.0126211,-0.0117368,-0.0108255,-0.00988614,-0.00891784,-0.00791955,-0.00689022,-0.00582877,-0.00473408,-0.00360502,-0.00244043,-0.00123916,-6.07057e-27
