0,0,0,0,0,0,0,0,0,0,0,0,0,0,0,0,0,0,0,0,0,0,0,0,0,0,0,0,0,0,0,0,0,0,0,0,0,0,0,0,0,0,0,0,0,0,0,0,0,0,0,0,0,0,0,0,0,0,0,0,0,0,0,0,0,0,0,0,0,0,0,0,0,0,0,0,0,0,0,0,0,0,0,0,0,0,0,0,0,0,0,0,0,0,0,0,0,0,0,0,0,0,0,0,0,0,0,0,0,0,0,0,0,0,0,0,0,0,0,0,0,0,0,0,0,0,0,0,0,0,0,0,0,0,0,0,0,0,0,0,0,0,0,0,0,0,0,0,0,0,0,0,0,0,0,0,0,0,0,0,0
0,4.35317e-30,8.70468e-30,1.30599e-29,1.74101e-29,2.17676e-29,2.61168e-29,3.04771e-29,3.48257e-29,3.9189e-29,4.35375e-29,4.79042e-29,5.22582e-29,5.66341e-29,6.09833e-29,6.5358e-29,6.97135e-29,7.4098e-29,7.84495e-29,8.28335e-29,8.71923e-29,9.15871e-29,9.59428e-29,1.00349e-28,1.04723e-28,1.09141e-28,1.13513e-28,1.1792e-28,1.22291e-28,1.26711e-28,1.3108e-28,1.35513e-28,1.39903e-28,1.44349e-28,1.48739e-28,1.53177e-28,1.57568e-28,1.6202e-28,1.66412e-28,1.7088e-28,1.75296e-28,1.7978e-28,1.84221e-28,1.88722e-28,1.93167e-28,1.97707e-28,2.02179e-28,2.06737e-28,2.11213e-28,2.15768e-28,2.20271e-28,2.24845e-28,2.29355e-28,2.33926e-28,2.38421e-28,2.43013e-28,2.47517e-28,2.52108e-28,2.56643e-28,2.61256e-28,2.65803e-28,2.70462e-28,2.75042e-28,2.79726e-28,2.84319e-28,2.89007e-28,2.93636e-28,2.98351e-28,3.02995e-28,3.07716e-28,3.12355e-28,3.17105e-28,3.21763e-28,3.26521e-28,3.31221e-28,3.36012e-28,3.40733e-28,3.4558e-28,3.50347e-28,3.5523e-28,3.60023e-28,3.64921e-28,3.69763e-28,3.74743e-28,3.79614e-28,3.84571e-28,3.89452e-28,3.94452e-28,3.99411e-28,4.04521e-28,4.09538e-28,4.14653e-28,4.19709e-28,4.24895e-28,4.30057e-28,4.35295e-28,4.40457e-28,4.45729e-28,4.50957e-28,4.56328e-28,4.61604e-28,4.66969e-28,4.72274e-28,4.77699e-28,4.83101e-28,4.88568e-28,4.93961e-28,4.99453e-28,5.04906e-28,5.10489e-28,5.1607e-28,5.21727e-28,5.27331e-28,5.33044e-28,5.3874e-28,5.44576e-28,5.50345e-28,5.562e-28,5.62024e-28,5.67965e-28,5.73912e-28,5.80008e-28,5.86059e-28,5.92204e-28,5.98342e-28,6.04604e-28,6.10894e-28,6.17255e-28,6.23593e-28,6.30033e-28,6.36488e-28,6.43075e-28,6.49629e-28,6.56261e-28,6.62898e-28,6.69647e-28,6.76439e-28,6.8329e-28,6.9014e-28,6.97083e-28,7.04067e-28,7.11179e-28,7.18371e-28,7.25637e-28,7.3293e-28,7.40315e-28,7.47739e-28,7.55239e-28,7.62647e-28,7.69937e-28,7.76955e-28,7.83551e-28,7.89418e-28,7.94201e-28,7.97291e-28,7.9813e-28,7.96119e-28,7.90856e-28,7.82288e-28,7.70891e-28,7.57864e-28
0,8.70468e-30,1.7413e-29,2.61147e-29,3.48274e-29,4.35269e-29,5.22446e-29,6.09425e-29,6.9666e-29,7.83631e-29,8.70932e-29,9.57903e-29,1.04538e-28,1.13247e-28,1.21992e-28,1.30691e-28,1.39456e-28,1.48168e-28,1.56931e-28,1.65636e-28,1.7442e-28,1.8314e-28,1.91925e-28,2.0066e-28,2.09489e-28,2.18241e-28,2.27071e-28,2.35798e-28,2.44631e-28,2.53376e-28,2.62212e-28,2.70977e-28,2.7986e-28,2.88646e-28,2.97535e-28,3.06299e-28,3.15195e-28,3.23983e-28,3.32887e-28,3.41701e-28,3.50658e-28,3.59498e-28,3.6851e-28,3.7738e-28,3.86405e-28,3.95348e-28,4.0443e-28,4.13404e-28,4.22501e-28,4.31465e-28,4.40619e-28,4.49617e-28,4.58788e-28,4.67777e-28,4.76923e-28,4.85949e-28,4.95114e-28,5.04137e-28,5.13368e-28,5.22433e-28,5.31689e-28,5.40842e-28,5.50168e-28,5.59368e-28,5.68724e-28,5.7793e-28,5.87359e-28,5.96616e-28,6.06078e-28,6.15345e-28,6.24799e-28,6.34122e-28,6.43613e-28,6.52954e-28,6.6253e-28,6.71934e-28,6.81555e-28,6.9107e-28,7.00782e-28,7.10368e-28,7.20132e-28,7.2975e-28,7.39612e-28,7.49394e-28,7.59314e-28,7.69049e-28,7.78989e-28,7.88811e-28,7.98904e-28,8.08949e-28,8.19157e-28,8.29212e-28,8.39497e-28,8.49698e-28,8.60192e-28,8.70498e-28,8.80992e-28,8.91365e-28,9.0199e-28,9.12564e-28,9.23282e-28,9.33846e-28,9.44619e-28,9.55308e-28,9.66269e-28,9.77046e-28,9.87987e-28,9.98815e-28,1.00987e-27,1.02089e-27,1.0322e-27,1.04337e-27,1.05472e-27,1.066e-27,1.07753e-27,1.08907e-27,1.10074e-27,1.11231e-27,1.12409e-27,1.13585e-27,1.14786e-27,1.15993e-27,1.17216e-27,1.18433e-27,1.19672e-27,1.20913e-27,1.22182e-27,1.23443e-27,1.24721e-27,1.25999e-27,1.273e-27,1.28607e-27,1.29928e-27,1.31245e-27,1.32581e-27,1.33922e-27,1.35288e-27,1.3665e-27,1.38027e-27,1.39409e-27,1.40812e-27,1.42228e-27,1.43672e-27,1.4512e-27,1.46585e-27,1.48058e-27,1.49551e-27,1.51051e-27,1.52546e-27,1.54013e-27,1.5544e-27,1.56786e-27,1.58002e-27,1.59007e-27,1.59687e-27,1.59913e-27,1.59556e-27,1.58507e-27,1.56741e-27,1.54342e-27,1.51573e-27
0,1.30599e-29,2.61147e-29,3.91806e-29,5.22315e-29,6.53044e-29,7.83525e-29,9.14335e-29,1.0448e-28,1.1757e-28,1.30616e-28,1.43716e-28,1.56779e-28,1.69907e-28,1.82955e-28,1.96079e-28,2.09146e-28,2.22299e-28,2.35354e-28,2.48507e-28,2.61583e-28,2.74768e-28,2.87835e-28,3.01053e-28,3.14177e-28,3.27429e-28,3.40547e-28,3.5377e-28,3.66882e-28,3.80141e-28,3.93249e-28,4.06547e-28,4.19718e-28,4.33055e-28,4.46226e-28,4.5954e-28,4.72712e-28,4.86069e-28,4.99245e-28,5.12649e-28,5.25897e-28,5.39349e-28,5.52672e-28,5.66175e-28,5.79511e-28,5.93131e-28,6.06545e-28,6.20219e-28,6.33649e-28,6.47313e-28,6.60824e-28,6.74544e-28,6.88074e-28,7.01787e-28,7.15273e-28,7.29046e-28,7.42558e-28,7.5633e-28,7.69935e-28,7.83775e-28,7.97414e-28,8.11391e-28,8.25131e-28,8.39182e-28,8.52962e-28,8.67026e-28,8.80913e-28,8.95057e-28,9.08989e-28,9.2315e-28,9.37068e-28,9.51316e-28,9.65288e-28,9.79563e-28,9.9366e-28,1.00803e-27,1.0222e-27,1.03673e-27,1.05104e-27,1.06568e-27,1.08006e-27,1.09475e-27,1.10928e-27,1.12422e-27,1.13883e-27,1.1537e-27,1.16834e-27,1.18334e-27,1.19821e-27,1.21354e-27,1.22859e-27,1.24393e-27,1.2591e-27,1.27466e-27,1.29014e-27,1.30586e-27,1.32134e-27,1.33715e-27,1.35284e-27,1.36895e-27,1.38478e-27,1.40087e-27,1.41678e-27,1.43306e-27,1.44926e-27,1.46566e-27,1.48183e-27,1.4983e-27,1.51466e-27,1.53141e-27,1.54815e-27,1.56512e-27,1.58193e-27,1.59906e-27,1.61615e-27,1.63366e-27,1.65096e-27,1.66852e-27,1.68599e-27,1.70381e-27,1.72165e-27,1.73993e-27,1.75809e-27,1.77652e-27,1.79493e-27,1.81372e-27,1.83258e-27,1.85166e-27,1.87068e-27,1.88999e-27,1.90936e-27,1.92911e-27,1.94877e-27,1.96866e-27,1.98857e-27,2.0088e-27,2.02917e-27,2.04971e-27,2.07025e-27,2.09107e-27,2.11201e-27,2.13334e-27,2.15491e-27,2.17672e-27,2.19863e-27,2.22084e-27,2.24323e-27,2.26592e-27,2.28846e-27,2.31085e-27,2.33268e-27,2.35362e-27,2.37282e-27,2.38925e-27,2.40099e-27,2.40605e-27,2.40198e-27,2.38662e-27,2.35884e-27,2.31969e-27,2.27359e-27
0,1.74101e-29,3.48274e-29,5.22315e-29,6.96576e-29,8.70571e-29,1.04493e-28,1.2189e-28,1.39337e-28,1.56732e-28,1.74193e-28,1.91588e-28,2.09084e-28,2.26502e-28,2.43993e-28,2.61392e-28,2.78922e-28,2.96347e-28,3.13874e-28,3.31284e-28,3.48853e-28,3.66293e-28,3.83862e-28,4.01334e-28,4.18992e-28,4.36498e-28,4.54159e-28,4.71613e-28,4.89278e-28,5.06769e-28,5.24441e-28,5.41971e-28,5.59739e-28,5.7731e-28,5.95088e-28,6.12617e-28,6.30408e-28,6.47984e-28,6.65791e-28,6.83418e-28,7.01331e-28,7.19013e-28,7.37036e-28,7.54776e-28,7.72826e-28,7.90713e-28,8.08877e-28,8.26827e-28,8.4502e-28,8.62949e-28,8.81259e-28,8.99254e-28,9.17596e-28,9.35574e-28,9.53864e-28,9.71915e-28,9.90245e-28,1.00829e-27,1.02675e-27,1.04488e-27,1.06339e-27,1.08169e-27,1.10035e-27,1.11875e-27,1.13746e-27,1.15587e-27,1.17473e-27,1.19324e-27,1.21216e-27,1.2307e-27,1.2496e-27,1.26825e-27,1.28723e-27,1.30591e-27,1.32505e-27,1.34386e-27,1.3631e-27,1.38213e-27,1.40155e-27,1.42072e-27,1.44025e-27,1.45948e-27,1.4792e-27,1.49877e-27,1.5186e-27,1.53807e-27,1.55794e-27,1.57759e-27,1.59777e-27,1.61785e-27,1.63827e-27,1.65838e-27,1.67894e-27,1.69934e-27,1.72033e-27,1.74094e-27,1.76192e-27,1.78267e-27,1.80391e-27,1.82506e-27,1.84649e-27,1.86762e-27,1.88916e-27,1.91053e-27,1.93245e-27,1.954e-27,1.97587e-27,1.99752e-27,2.01963e-27,2.04166e-27,2.06427e-27,2.0866e-27,2.1093e-27,2.13186e-27,2.15492e-27,2.17798e-27,2.20133e-27,2.22447e-27,2.24802e-27,2.27152e-27,2.29556e-27,2.31969e-27,2.34413e-27,2.36847e-27,2.39325e-27,2.41806e-27,2.44344e-27,2.46866e-27,2.49422e-27,2.51977e-27,2.54578e-27,2.57193e-27,2.59832e-27,2.62465e-27,2.65136e-27,2.67816e-27,2.70547e-27,2.73269e-27,2.76021e-27,2.78781e-27,2.81586e-27,2.84415e-27,2.87304e-27,2.902e-27,2.93134e-27,2.96091e-27,2.99096e-27,3.02131e-27,3.05178e-27,3.08206e-27,3.11208e-27,3.14119e-27,3.16868e-27,3.19304e-27,3.21192e-27,3.22215e-27,3.21988e-27,3.20074e-27,3.16167e-27,3.10292e-27,3.03146e-27
0,2.17676e-29,4.35269e-29,6.53044e-29,8.70571e-29,1.08846e-28,1.30594e-28,1.52397e-28,1.74142e-28,1.9596e-28,2.17704e-28,2.39539e-28,2.61311e-28,2.83192e-28,3.0494e-28,3.26814e-28,3.48593e-28,3.70517e-28,3.92276e-28,4.14197e-28,4.35992e-28,4.57967e-28,4.79747e-28,5.01778e-28,5.23653e-28,5.45742e-28,5.67605e-28,5.89644e-28,6.11497e-28,6.33597e-28,6.55444e-28,6.77608e-28,6.9956e-28,7.21789e-28,7.43741e-28,7.6593e-28,7.87883e-28,8.10144e-28,8.32104e-28,8.54442e-28,8.76522e-28,8.98941e-28,9.21147e-28,9.43651e-28,9.65878e-28,9.88579e-28,1.01094e-27,1.03373e-27,1.05611e-27,1.07889e-27,1.10141e-27,1.12427e-27,1.14682e-27,1.16968e-27,1.19215e-27,1.21511e-27,1.23762e-27,1.26057e-27,1.28325e-27,1.30631e-27,1.32904e-27,1.35234e-27,1.37524e-27,1.39865e-27,1.42162e-27,1.44506e-27,1.4682e-27,1.49178e-27,1.515e-27,1.53859e-27,1.56179e-27,1.58553e-27,1.60881e-27,1.6326e-27,1.65609e-27,1.68004e-27,1.70364e-27,1.72787e-27,1.7517e-27,1.77611e-27,1.80007e-27,1.82456e-27,1.84876e-27,1.87366e-27,1.89801e-27,1.92278e-27,1.94718e-27,1.97217e-27,1.99695e-27,2.0225e-27,2.04757e-27,2.07314e-27,2.09841e-27,2.12434e-27,2.15014e-27,2.17633e-27,2.20213e-27,2.22848e-27,2.25462e-27,2.28146e-27,2.30784e-27,2.33465e-27,2.36117e-27,2.38828e-27,2.41528e-27,2.4426e-27,2.46955e-27,2.497e-27,2.52425e-27,2.55215e-27,2.58004e-27,2.60832e-27,2.63633e-27,2.66488e-27,2.69335e-27,2.72252e-27,2.75135e-27,2.78061e-27,2.80971e-27,2.83941e-27,2.86913e-27,2.8996e-27,2.92984e-27,2.96056e-27,2.99124e-27,3.02254e-27,3.05398e-27,3.08578e-27,3.11746e-27,3.14964e-27,3.1819e-27,3.21482e-27,3.24756e-27,3.2807e-27,3.31385e-27,3.34755e-27,3.38146e-27,3.41567e-27,3.44986e-27,3.48452e-27,3.51937e-27,3.55489e-27,3.59082e-27,3.62716e-27,3.66372e-27,3.70087e-27,3.73843e-27,3.77672e-27,3.81512e-27,3.8538e-27,3.8924e-27,3.93072e-27,3.96783e-27,4.00243e-27,4.03146e-27,4.05098e-27,4.05479e-27,4.03511e-27,3.98414e-27,3.89893e-27,3.78932e-27
0,2.61168e-29,5.22446e-29,7.83525e-29,1.04493e-28,1.30594e-28,1.5675e-28,1.82846e-28,2.09019e-28,2.35113e-28,2.61305e-28,2.874e-28,3.13646e-28,3.39775e-28,3.66013e-28,3.92113e-28,4.18409e-28,4.44548e-28,4.70839e-28,4.96955e-28,5.23309e-28,5.4947e-28,5.75826e-28,6.02036e-28,6.28525e-28,6.54786e-28,6.81279e-28,7.07461e-28,7.33959e-28,7.60196e-28,7.86705e-28,8.13001e-28,8.39654e-28,8.66012e-28,8.9268e-28,9.18973e-28,9.45658e-28,9.7202e-28,9.98729e-28,1.02517e-27,1.05204e-27,1.07856e-27,1.10559e-27,1.1322e-27,1.15928e-27,1.18611e-27,1.21336e-27,1.24029e-27,1.26758e-27,1.29447e-27,1.32194e-27,1.34893e-27,1.37645e-27,1.40341e-27,1.43084e-27,1.45792e-27,1.48541e-27,1.51247e-27,1.54016e-27,1.56735e-27,1.59511e-27,1.62257e-27,1.65055e-27,1.67815e-27,1.70621e-27,1.73383e-27,1.76212e-27,1.78989e-27,1.81827e-27,1.84606e-27,1.87442e-27,1.90238e-27,1.93084e-27,1.95885e-27,1.98757e-27,2.01577e-27,2.04463e-27,2.07316e-27,2.10229e-27,2.13105e-27,2.16033e-27,2.18918e-27,2.21876e-27,2.24809e-27,2.27784e-27,2.30703e-27,2.33683e-27,2.36629e-27,2.39655e-27,2.42667e-27,2.45729e-27,2.48744e-27,2.51828e-27,2.54888e-27,2.58035e-27,2.61126e-27,2.64273e-27,2.67384e-27,2.7057e-27,2.73741e-27,2.76955e-27,2.80123e-27,2.83353e-27,2.86558e-27,2.89845e-27,2.93076e-27,2.96356e-27,2.99602e-27,3.02917e-27,3.06219e-27,3.0961e-27,3.12959e-27,3.16363e-27,3.19745e-27,3.23203e-27,3.26661e-27,3.30161e-27,3.33631e-27,3.37163e-27,3.40686e-27,3.4429e-27,3.47909e-27,3.51574e-27,3.55224e-27,3.5894e-27,3.62662e-27,3.66468e-27,3.7025e-27,3.74083e-27,3.77913e-27,3.81814e-27,3.85734e-27,3.8969e-27,3.93637e-27,3.9764e-27,4.01656e-27,4.05749e-27,4.09826e-27,4.13948e-27,4.18082e-27,4.22281e-27,4.26519e-27,4.30847e-27,4.35187e-27,4.39591e-27,4.44037e-27,4.4857e-27,4.53176e-27,4.57842e-27,4.62553e-27,4.67336e-27,4.72159e-27,4.76998e-27,4.81727e-27,4.86073e-27,4.89557e-27,4.91352e-27,4.90105e-27,4.84088e-27,4.71937e-27,4.54719e-27
0,3.04771e-29,6.09425e-29,9.14335e-29,1.2189e-28,1.52397e-28,1.82846e-28,2.13372e-28,2.43817e-28,2.74364e-28,3.04808e-28,3.35379e-28,3.65863e-28,3.96499e-28,4.26948e-28,4.57575e-28,4.88068e-28,5.18762e-28,5.49226e-28,5.79917e-28,6.10431e-28,6.41197e-28,6.71691e-28,7.02537e-28,7.33167e-28,7.64094e-28,7.94706e-28,8.2556e-28,8.56155e-28,8.87094e-28,9.17681e-28,9.48711e-28,9.79448e-28,1.01057e-27,1.0413e-27,1.07237e-27,1.1031e-27,1.13426e-27,1.165e-27,1.19627e-27,1.22719e-27,1.25857e-27,1.28966e-27,1.32117e-27,1.35229e-27,1.38407e-27,1.41538e-27,1.44729e-27,1.47863e-27,1.51051e-27,1.54204e-27,1.57406e-27,1.60563e-27,1.63762e-27,1.66908e-27,1.70121e-27,1.73273e-27,1.76485e-27,1.79659e-27,1.82888e-27,1.86069e-27,1.8933e-27,1.92537e-27,1.95815e-27,1.9903e-27,2.02312e-27,2.05552e-27,2.08852e-27,2.12103e-27,2.15406e-27,2.18652e-27,2.21975e-27,2.25234e-27,2.28563e-27,2.31851e-27,2.35203e-27,2.38507e-27,2.41898e-27,2.45234e-27,2.48651e-27,2.52004e-27,2.55432e-27,2.5882e-27,2.62305e-27,2.65713e-27,2.6918e-27,2.72593e-27,2.7609e-27,2.79559e-27,2.83134e-27,2.86644e-27,2.90222e-27,2.9376e-27,2.97389e-27,3.01e-27,3.04666e-27,3.08277e-27,3.11965e-27,3.15623e-27,3.1938e-27,3.23072e-27,3.26824e-27,3.30535e-27,3.3433e-27,3.38108e-27,3.41932e-27,3.45703e-27,3.49542e-27,3.53354e-27,3.57259e-27,3.61163e-27,3.6512e-27,3.69039e-27,3.73035e-27,3.77019e-27,3.81101e-27,3.85136e-27,3.8923e-27,3.93302e-27,3.97457e-27,4.01617e-27,4.05881e-27,4.10115e-27,4.14414e-27,4.18707e-27,4.23089e-27,4.2749e-27,4.3194e-27,4.36373e-27,4.40877e-27,4.45391e-27,4.49998e-27,4.54579e-27,4.59214e-27,4.63851e-27,4.68563e-27,4.73306e-27,4.78087e-27,4.82864e-27,4.87706e-27,4.92575e-27,4.97536e-27,5.02557e-27,5.07637e-27,5.12751e-27,5.17955e-27,5.23232e-27,5.28639e-27,5.34105e-27,5.39689e-27,5.45395e-27,5.51281e-27,5.5735e-27,5.63609e-27,5.69859e-27,5.75738e-27,5.80288e-27,5.81514e-27,5.75891e-27,5.5906e-27,5.30505e-27
0,3.48257e-29,6.9666e-29,1.0448e-28,1.39337e-28,1.74142e-28,2.09019e-28,2.43817e-28,2.78717e-28,3.13511e-28,3.48437e-28,3.83232e-28,4.18232e-28,4.53075e-28,4.88061e-28,5.22864e-28,5.57928e-28,5.92784e-28,6.27839e-28,6.62661e-28,6.97801e-28,7.32684e-28,7.67826e-28,8.02778e-28,8.38104e-28,8.73125e-28,9.08453e-28,9.43361e-28,9.78691e-28,1.01367e-27,1.04902e-27,1.08408e-27,1.11962e-27,1.15477e-27,1.19033e-27,1.22539e-27,1.26097e-27,1.29611e-27,1.33172e-27,1.36696e-27,1.40279e-27,1.43815e-27,1.4742e-27,1.50968e-27,1.54578e-27,1.58156e-27,1.6179e-27,1.65381e-27,1.69019e-27,1.72606e-27,1.76268e-27,1.79868e-27,1.83536e-27,1.87132e-27,1.90789e-27,1.94398e-27,1.98062e-27,2.01669e-27,2.0536e-27,2.08984e-27,2.12686e-27,2.16347e-27,2.20078e-27,2.23758e-27,2.275e-27,2.31182e-27,2.34953e-27,2.38656e-27,2.4244e-27,2.46146e-27,2.49925e-27,2.53652e-27,2.57446e-27,2.61179e-27,2.65006e-27,2.68766e-27,2.72612e-27,2.76416e-27,2.803e-27,2.84133e-27,2.88036e-27,2.91882e-27,2.95825e-27,2.99737e-27,3.03702e-27,3.07592e-27,3.11562e-27,3.15486e-27,3.1952e-27,3.23536e-27,3.27617e-27,3.31636e-27,3.35746e-27,3.39824e-27,3.44021e-27,3.48141e-27,3.52335e-27,3.56481e-27,3.60728e-27,3.64956e-27,3.6924e-27,3.73462e-27,3.77766e-27,3.82038e-27,3.8642e-27,3.90725e-27,3.95095e-27,3.99419e-27,4.03834e-27,4.08236e-27,4.12756e-27,4.17219e-27,4.21755e-27,4.26263e-27,4.30871e-27,4.35481e-27,4.40146e-27,4.44769e-27,4.49473e-27,4.54168e-27,4.58971e-27,4.63795e-27,4.68682e-27,4.73546e-27,4.78498e-27,4.8346e-27,4.88534e-27,4.93575e-27,4.98683e-27,5.03788e-27,5.08986e-27,5.1421e-27,5.19482e-27,5.2474e-27,5.3007e-27,5.35419e-27,5.40868e-27,5.46295e-27,5.51778e-27,5.57274e-27,5.62858e-27,5.68493e-27,5.74248e-27,5.8002e-27,5.85877e-27,5.91794e-27,5.97841e-27,6.04004e-27,6.10284e-27,6.16692e-27,6.23324e-27,6.30238e-27,6.37581e-27,6.45482e-27,6.54044e-27,6.63261e-27,6.72592e-27,6.79811e-27,6.78903e-27,6.57914e-27,6.06291e-27
0,3.9189e-29,7.83631e-29,1.1757e-28,1.56732e-28,1.9596e-28,2.35113e-28,2.74364e-28,3.13511e-28,3.52788e-28,3.91933e-28,4.31242e-28,4.70443e-28,5.0984e-28,5.4899e-28,5.88368e-28,6.2758e-28,6.6705e-28,7.06218e-28,7.45676e-28,7.84911e-28,8.24468e-28,8.63673e-28,9.03339e-28,9.42734e-28,9.82511e-28,1.02187e-27,1.06154e-27,1.10087e-27,1.14065e-27,1.17997e-27,1.21987e-27,1.2594e-27,1.29943e-27,1.33895e-27,1.37888e-27,1.41839e-27,1.45845e-27,1.49796e-27,1.53816e-27,1.5779e-27,1.61825e-27,1.65823e-27,1.69873e-27,1.73874e-27,1.77961e-27,1.81988e-27,1.86091e-27,1.90121e-27,1.9422e-27,1.98275e-27,2.02392e-27,2.06452e-27,2.10565e-27,2.14609e-27,2.18739e-27,2.22789e-27,2.26918e-27,2.30998e-27,2.35147e-27,2.39237e-27,2.4343e-27,2.47553e-27,2.51769e-27,2.55902e-27,2.6012e-27,2.64287e-27,2.6853e-27,2.7271e-27,2.76956e-27,2.81128e-27,2.85399e-27,2.89587e-27,2.93865e-27,2.98091e-27,3.02398e-27,3.06644e-27,3.11005e-27,3.15294e-27,3.19686e-27,3.23996e-27,3.284e-27,3.32757e-27,3.3724e-27,3.41621e-27,3.46073e-27,3.50456e-27,3.54947e-27,3.59405e-27,3.64004e-27,3.68516e-27,3.73114e-27,3.77658e-27,3.82323e-27,3.86969e-27,3.9168e-27,3.96319e-27,4.01057e-27,4.05759e-27,4.10592e-27,4.15337e-27,4.20157e-27,4.24924e-27,4.29801e-27,4.3466e-27,4.39574e-27,4.44416e-27,4.49345e-27,4.54241e-27,4.59259e-27,4.64279e-27,4.69364e-27,4.744e-27,4.79532e-27,4.84653e-27,4.89903e-27,4.95088e-27,5.00346e-27,5.05575e-27,5.10911e-27,5.16257e-27,5.21742e-27,5.27183e-27,5.32707e-27,5.38223e-27,5.43855e-27,5.49516e-27,5.55235e-27,5.60931e-27,5.66717e-27,5.72519e-27,5.78441e-27,5.84328e-27,5.90278e-27,5.96231e-27,6.02282e-27,6.08372e-27,6.14507e-27,6.20632e-27,6.26836e-27,6.33074e-27,6.39431e-27,6.45867e-27,6.52373e-27,6.58919e-27,6.65581e-27,6.72341e-27,6.79278e-27,6.86306e-27,6.93521e-27,7.00974e-27,7.08834e-27,7.17289e-27,7.26716e-27,7.37571e-27,7.5071e-27,7.67038e-27,7.86296e-27,8.01989e-27,7.87415e-27,6.82078e-27
0,4.35375e-29,8.70932e-29,1.30616e-28,1.74193e-28,2.17704e-28,2.61305e-28,3.04808e-28,3.48437e-28,3.91933e-28,4.3559e-28,4.79084e-28,5.22851e-28,5.6642e-28,6.10148e-28,6.53646e-28,6.97491e-28,7.41075e-28,7.84888e-28,8.28408e-28,8.72342e-28,9.15951e-28,9.59856e-28,1.00356e-27,1.04774e-27,1.09155e-27,1.13572e-27,1.17933e-27,1.22349e-27,1.26722e-27,1.31137e-27,1.35521e-27,1.39967e-27,1.44363e-27,1.48809e-27,1.53189e-27,1.57635e-27,1.62028e-27,1.66476e-27,1.70882e-27,1.7536e-27,1.79779e-27,1.84288e-27,1.8872e-27,1.9323e-27,1.97707e-27,2.0225e-27,2.06743e-27,2.11289e-27,2.15769e-27,2.20351e-27,2.24852e-27,2.29441e-27,2.33932e-27,2.385e-27,2.43013e-27,2.4759e-27,2.52095e-27,2.5671e-27,2.61237e-27,2.65861e-27,2.70441e-27,2.75104e-27,2.79708e-27,2.84382e-27,2.88982e-27,2.937e-27,2.98329e-27,3.03061e-27,3.0769e-27,3.1241e-27,3.1707e-27,3.21807e-27,3.2647e-27,3.31255e-27,3.3595e-27,3.40753e-27,3.45512e-27,3.50366e-27,3.55159e-27,3.60033e-27,3.64834e-27,3.69763e-27,3.74665e-27,3.7962e-27,3.84473e-27,3.89424e-27,3.9432e-27,3.99361e-27,4.04392e-27,4.09492e-27,4.14508e-27,4.19638e-27,4.24734e-27,4.2999e-27,4.35139e-27,4.40373e-27,4.45547e-27,4.50854e-27,4.56149e-27,4.61503e-27,4.66771e-27,4.72142e-27,4.7748e-27,4.82967e-27,4.88346e-27,4.93798e-27,4.99189e-27,5.04698e-27,5.10197e-27,5.15857e-27,5.21433e-27,5.27094e-27,5.3272e-27,5.38478e-27,5.44251e-27,5.50079e-27,5.55848e-27,5.61715e-27,5.67573e-27,5.73575e-27,5.79616e-27,5.85722e-27,5.91794e-27,5.97976e-27,6.04176e-27,6.10529e-27,6.16829e-27,6.23205e-27,6.29576e-27,6.3607e-27,6.42609e-27,6.49194e-27,6.55753e-27,6.62401e-27,6.69077e-27,6.75889e-27,6.82658e-27,6.89487e-27,6.96326e-27,7.03274e-27,7.1029e-27,7.17465e-27,7.24644e-27,7.31917e-27,7.3926e-27,7.46762e-27,7.54412e-27,7.62183e-27,7.70096e-27,7.78282e-27,7.86857e-27,7.96114e-27,8.065e-27,8.18849e-27,8.34985e-27,8.58614e-27,8.96395e-27,9.55345e-27,1.00769e-26,7.57864e-27
0,4.79042e-29,9.57903e-29,1.43716e-28,1.91588e-28,2.39539e-28,2.874e-28,3.35379e-28,3.83232e-28,4.31242e-28,4.79084e-28,5.27104e-28,5.75063e-28,6.23258e-28,6.71077e-28,7.19172e-28,7.67142e-28,8.15428e-28,8.63267e-28,9.11459e-28,9.59454e-28,1.00783e-27,1.05565e-27,1.10416e-27,1.15237e-27,1.20105e-27,1.24919e-27,1.29757e-27,1.34567e-27,1.3943e-27,1.44226e-27,1.49106e-27,1.53944e-27,1.58842e-27,1.63675e-27,1.68546e-27,1.73377e-27,1.78275e-27,1.83094e-27,1.8801e-27,1.9287e-27,1.97794e-27,2.02695e-27,2.07635e-27,2.12515e-27,2.17526e-27,2.22443e-27,2.27474e-27,2.32388e-27,2.37387e-27,2.42359e-27,2.47386e-27,2.52364e-27,2.5738e-27,2.62312e-27,2.67373e-27,2.72313e-27,2.77348e-27,2.82349e-27,2.87409e-27,2.92397e-27,2.97537e-27,3.02571e-27,3.07739e-27,3.12779e-27,3.17923e-27,3.23031e-27,3.28211e-27,3.33335e-27,3.38513e-27,3.436e-27,3.48834e-27,3.5394e-27,3.59157e-27,3.64335e-27,3.69588e-27,3.74766e-27,3.80109e-27,3.85345e-27,3.90727e-27,3.95981e-27,4.01347e-27,4.06666e-27,4.12191e-27,4.17539e-27,4.22962e-27,4.28297e-27,4.33767e-27,4.3921e-27,4.44875e-27,4.50383e-27,4.55982e-27,4.61517e-27,4.67211e-27,4.72934e-27,4.78684e-27,4.84335e-27,4.90104e-27,4.95844e-27,5.01794e-27,5.07586e-27,5.13456e-27,5.19262e-27,5.25215e-27,5.31198e-27,5.37195e-27,5.43092e-27,5.49093e-27,5.55056e-27,5.6118e-27,5.67359e-27,5.73567e-27,5.797e-27,5.85953e-27,5.92203e-27,5.98663e-27,6.04993e-27,6.11398e-27,6.17766e-27,6.24268e-27,6.30794e-27,6.37542e-27,6.44185e-27,6.50916e-27,6.57639e-27,6.64515e-27,6.71478e-27,6.7846e-27,6.85402e-27,6.92452e-27,6.99534e-27,7.06814e-27,7.13997e-27,7.21245e-27,7.28493e-27,7.35873e-27,7.43349e-27,7.50825e-27,7.58272e-27,7.65809e-27,7.73387e-27,7.81118e-27,7.8899e-27,7.96891e-27,8.04817e-27,8.12874e-27,8.21047e-27,8.29458e-27,8.37885e-27,8.46457e-27,8.55206e-27,8.64284e-27,8.73852e-27,8.84348e-27,8.96337e-27,9.11818e-27,9.36072e-27,9.85402e-27,1.1153e-26,1.53015e-26,3.03222e-26
0,5.22582e-29,1.04538e-28,1.56779e-28,2.09084e-28,2.61311e-28,3.13646e-28,3.65863e-28,4.18232e-28,4.70443e-28,5.22851e-28,5.75063e-28,6.2758e-28,6.79862e-28,7.32359e-28,7.84583e-28,8.37195e-28,8.89497e-28,9.42098e-28,9.94351e-28,1.04708e-27,1.09942e-27,1.15215e-27,1.20459e-27,1.25759e-27,1.31014e-27,1.36314e-27,1.41552e-27,1.46853e-27,1.52102e-27,1.57404e-27,1.62666e-27,1.67998e-27,1.73271e-27,1.78606e-27,1.83866e-27,1.89204e-27,1.94477e-27,1.99819e-27,2.05108e-27,2.10482e-27,2.15788e-27,2.21195e-27,2.26518e-27,2.31933e-27,2.373e-27,2.4275e-27,2.48136e-27,2.53594e-27,2.58973e-27,2.64466e-27,2.69866e-27,2.75368e-27,2.8076e-27,2.86246e-27,2.9166e-27,2.97156e-27,3.02567e-27,3.08103e-27,3.1354e-27,3.19091e-27,3.24581e-27,3.30175e-27,3.35694e-27,3.41305e-27,3.46826e-27,3.52481e-27,3.58034e-27,3.63707e-27,3.69264e-27,3.7493e-27,3.8052e-27,3.86208e-27,3.91807e-27,3.97546e-27,4.03183e-27,4.08949e-27,4.14653e-27,4.20474e-27,4.26221e-27,4.32072e-27,4.37836e-27,4.43746e-27,4.4961e-27,4.55553e-27,4.61384e-27,4.67335e-27,4.73218e-27,4.79264e-27,4.85282e-27,4.91397e-27,4.9742e-27,5.03579e-27,5.09689e-27,5.15976e-27,5.22149e-27,5.28432e-27,5.34644e-27,5.41006e-27,5.47339e-27,5.53757e-27,5.60081e-27,5.6653e-27,5.72929e-27,5.79491e-27,5.85942e-27,5.92488e-27,5.98967e-27,6.05583e-27,6.12176e-27,6.18946e-27,6.25632e-27,6.32427e-27,6.3918e-27,6.46084e-27,6.5299e-27,6.59978e-27,6.66907e-27,6.73956e-27,6.80992e-27,6.8819e-27,6.95418e-27,7.0274e-27,7.1003e-27,7.17452e-27,7.24887e-27,7.3249e-27,7.40045e-27,7.47698e-27,7.55346e-27,7.63132e-27,7.70956e-27,7.78848e-27,7.86716e-27,7.9469e-27,8.02686e-27,8.10826e-27,8.18928e-27,8.27108e-27,8.35298e-27,8.43611e-27,8.51987e-27,8.60531e-27,8.69088e-27,8.77754e-27,8.86488e-27,8.95381e-27,9.04398e-27,9.1351e-27,9.22687e-27,9.31994e-27,9.41405e-27,9.50976e-27,9.60683e-27,9.70427e-27,9.79996e-27,9.88671e-27,9.94099e-27,9.90286e-27,9.65445e-27,9.09437e-27
0,5.66341e-29,1.13247e-28,1.69907e-28,2.26502e-28,2.83192e-28,3.39775e-28,3.96499e-28,4.53075e-28,5.0984e-28,5.6642e-28,6.23258e-28,6.79862e-28,7.36748e-28,7.93368e-28,8.50315e-28,9.06938e-28,9.63933e-28,1.02058e-27,1.07765e-27,1.13431e-27,1.19146e-27,1.24822e-27,1.3055e-27,1.36235e-27,1.41975e-27,1.4766e-27,1.53403e-27,1.59086e-27,1.64832e-27,1.70526e-27,1.76288e-27,1.81992e-27,1.87768e-27,1.93475e-27,1.99257e-27,2.04965e-27,2.10752e-27,2.16475e-27,2.22282e-27,2.28022e-27,2.33859e-27,2.39619e-27,2.45481e-27,2.51272e-27,2.57159e-27,2.62977e-27,2.68887e-27,2.74718e-27,2.80649e-27,2.86489e-27,2.92437e-27,2.98285e-27,3.04236e-27,3.1009e-27,3.16042e-27,3.21907e-27,3.27883e-27,3.33763e-27,3.39769e-27,3.45687e-27,3.51725e-27,3.57682e-27,3.63752e-27,3.69731e-27,3.75832e-27,3.81832e-27,3.8796e-27,3.93978e-27,4.0012e-27,4.06158e-27,4.12312e-27,4.18372e-27,4.24562e-27,4.30651e-27,4.36882e-27,4.43024e-27,4.49301e-27,4.55496e-27,4.61819e-27,4.68054e-27,4.74427e-27,4.80717e-27,4.87133e-27,4.9346e-27,4.99909e-27,5.06263e-27,5.12768e-27,5.19206e-27,5.25788e-27,5.32301e-27,5.38953e-27,5.4553e-27,5.52262e-27,5.58909e-27,5.65708e-27,5.7242e-27,5.79273e-27,5.86058e-27,5.92974e-27,5.9982e-27,6.06792e-27,6.13688e-27,6.20725e-27,6.27679e-27,6.3477e-27,6.41778e-27,6.48915e-27,6.56e-27,6.63242e-27,6.70428e-27,6.77765e-27,6.85048e-27,6.92471e-27,6.99859e-27,7.07378e-27,7.14862e-27,7.22471e-27,7.30043e-27,7.37765e-27,7.45483e-27,7.53342e-27,7.61197e-27,7.69187e-27,7.77167e-27,7.85297e-27,7.9341e-27,8.01665e-27,8.09904e-27,8.18271e-27,8.26642e-27,8.35127e-27,8.43616e-27,8.52212e-27,8.60804e-27,8.69518e-27,8.78224e-27,8.87045e-27,8.95862e-27,9.04787e-27,9.13745e-27,9.22842e-27,9.31979e-27,9.41258e-27,9.50588e-27,9.60056e-27,9.69606e-27,9.79282e-27,9.89029e-27,9.98859e-27,1.00868e-26,1.01847e-26,1.02802e-26,1.03701e-26,1.04469e-26,1.04913e-26,1.04456e-26,1.01213e-26,8.8629e-27,4.31926e-27,-1.21335e-26
0,6.09833e-29,1.21992e-28,1.82955e-28,2.43993e-28,3.0494e-28,3.66013e-28,4.26948e-28,4.88061e-28,5.4899e-28,6.10148e-28,6.71077e-28,7.32359e-28,7.93368e-28,8.54629e-28,9.15572e-28,9.76966e-28,1.038e-27,1.09938e-27,1.16036e-27,1.22189e-27,1.28297e-27,1.3445e-27,1.40569e-27,1.46753e-27,1.52884e-27,1.59068e-27,1.65181e-27,1.71367e-27,1.77492e-27,1.8368e-27,1.89819e-27,1.9604e-27,2.02193e-27,2.08418e-27,2.14556e-27,2.20784e-27,2.26938e-27,2.33172e-27,2.39343e-27,2.45614e-27,2.51805e-27,2.58113e-27,2.64324e-27,2.70642e-27,2.76903e-27,2.83261e-27,2.89544e-27,2.95911e-27,3.02187e-27,3.08595e-27,3.14893e-27,3.21311e-27,3.27603e-27,3.34003e-27,3.4032e-27,3.46733e-27,3.53046e-27,3.59505e-27,3.65848e-27,3.72323e-27,3.78728e-27,3.85252e-27,3.9169e-27,3.98234e-27,4.04675e-27,4.1127e-27,4.17746e-27,4.24363e-27,4.30845e-27,4.37455e-27,4.43975e-27,4.5061e-27,4.57142e-27,4.63836e-27,4.70411e-27,4.77136e-27,4.83788e-27,4.90576e-27,4.97278e-27,5.04101e-27,5.10823e-27,5.17714e-27,5.24551e-27,5.31481e-27,5.38283e-27,5.45225e-27,5.52087e-27,5.59136e-27,5.66152e-27,5.7328e-27,5.80303e-27,5.87485e-27,5.94608e-27,6.01935e-27,6.09131e-27,6.16456e-27,6.23698e-27,6.31113e-27,6.38495e-27,6.45974e-27,6.53347e-27,6.60864e-27,6.68323e-27,6.75971e-27,6.83491e-27,6.91123e-27,6.98677e-27,7.06391e-27,7.14076e-27,7.21966e-27,7.29758e-27,7.37679e-27,7.45552e-27,7.53599e-27,7.61648e-27,7.69795e-27,7.77873e-27,7.86095e-27,7.94299e-27,8.02691e-27,8.11118e-27,8.19655e-27,8.28156e-27,8.3681e-27,8.45479e-27,8.54344e-27,8.63152e-27,8.72078e-27,8.80996e-27,8.90073e-27,8.99193e-27,9.08392e-27,9.17562e-27,9.26853e-27,9.36165e-27,9.4564e-27,9.55067e-27,9.6458e-27,9.74099e-27,9.83753e-27,9.93471e-27,1.00337e-26,1.01328e-26,1.02331e-26,1.03341e-26,1.04367e-26,1.05405e-26,1.06451e-26,1.07495e-26,1.08539e-26,1.09564e-26,1.10553e-26,1.11462e-26,1.12218e-26,1.1272e-26,1.12825e-26,1.12345e-26,1.11083e-26,1.08929e-26,1.06101e-26
0,6.5358e-29,1.30691e-28,1.96079e-28,2.61392e-28,3.26814e-28,3.92113e-28,4.57575e-28,5.22864e-28,5.88368e-28,6.53646e-28,7.19172e-28,7.84583e-28,8.50315e-28,9.15572e-28,9.81204e-28,1.04663e-27,1.11249e-27,1.17778e-27,1.24354e-27,1.30901e-27,1.375e-27,1.44028e-27,1.50644e-27,1.57218e-27,1.63854e-27,1.7042e-27,1.77024e-27,1.83586e-27,1.90221e-27,1.96769e-27,2.03423e-27,2.10019e-27,2.16696e-27,2.23288e-27,2.29936e-27,2.36527e-27,2.43209e-27,2.49789e-27,2.56493e-27,2.63122e-27,2.69842e-27,2.7652e-27,2.83261e-27,2.8992e-27,2.96746e-27,3.03451e-27,3.10304e-27,3.17009e-27,3.2383e-27,3.30602e-27,3.37456e-27,3.44237e-27,3.5108e-27,3.57812e-27,3.64709e-27,3.71452e-27,3.78323e-27,3.85137e-27,3.92042e-27,3.98848e-27,4.05847e-27,4.1271e-27,4.19746e-27,4.26622e-27,4.33637e-27,4.40592e-27,4.47652e-27,4.54629e-27,4.61691e-27,4.68632e-27,4.7576e-27,4.82728e-27,4.89844e-27,4.96897e-27,5.04061e-27,5.11123e-27,5.18396e-27,5.25532e-27,5.32857e-27,5.40023e-27,5.4734e-27,5.54586e-27,5.62088e-27,5.69376e-27,5.76775e-27,5.84059e-27,5.91521e-27,5.98937e-27,6.0663e-27,6.14132e-27,6.21765e-27,6.29311e-27,6.37064e-27,6.44833e-27,6.52662e-27,6.60364e-27,6.68228e-27,6.76042e-27,6.84118e-27,6.92002e-27,7.00002e-27,7.07915e-27,7.16018e-27,7.24139e-27,7.32303e-27,7.40344e-27,7.48527e-27,7.56656e-27,7.64994e-27,7.73381e-27,7.8183e-27,7.90188e-27,7.98708e-27,8.07217e-27,8.15988e-27,8.24607e-27,8.3334e-27,8.42027e-27,8.50892e-27,8.59781e-27,8.68947e-27,8.77997e-27,8.87174e-27,8.9634e-27,9.05707e-27,9.15168e-27,9.24681e-27,9.34146e-27,9.43759e-27,9.53404e-27,9.63293e-27,9.73072e-27,9.82943e-27,9.92809e-27,1.00284e-26,1.01297e-26,1.02311e-26,1.03321e-26,1.04342e-26,1.05367e-26,1.06409e-26,1.07467e-26,1.08529e-26,1.09593e-26,1.10672e-26,1.11763e-26,1.12881e-26,1.13994e-26,1.15114e-26,1.16228e-26,1.1733e-26,1.18391e-26,1.1938e-26,1.20222e-26,1.20929e-26,1.21785e-26,1.24269e-26,1.34428e-26,1.75343e-26,3.33537e-26
0,6.97135e-29,1.39456e-28,2.09146e-28,2.78922e-28,3.48593e-28,4.18409e-28,4.88068e-28,5.57928e-28,6.2758e-28,6.97491e-28,7.67142e-28,8.37195e-28,9.06938e-28,9.76966e-28,1.04663e-27,1.11681e-27,1.18658e-27,1.25675e-27,1.32645e-27,1.39679e-27,1.46661e-27,1.53694e-27,1.60689e-27,1.67758e-27,1.74766e-27,1.81835e-27,1.88822e-27,1.95893e-27,2.02895e-27,2.09968e-27,2.16985e-27,2.24095e-27,2.31129e-27,2.38243e-27,2.45259e-27,2.52378e-27,2.59412e-27,2.66537e-27,2.73591e-27,2.80758e-27,2.87833e-27,2.95044e-27,3.02142e-27,3.09362e-27,3.16519e-27,3.23785e-27,3.30966e-27,3.38243e-27,3.45415e-27,3.52738e-27,3.59936e-27,3.67271e-27,3.74461e-27,3.81774e-27,3.88993e-27,3.96321e-27,4.03537e-27,4.10916e-27,4.18165e-27,4.25564e-27,4.32883e-27,4.40338e-27,4.47694e-27,4.55171e-27,4.62531e-27,4.70066e-27,4.77466e-27,4.85026e-27,4.92432e-27,4.99984e-27,5.07433e-27,5.15014e-27,5.22476e-27,5.30123e-27,5.37635e-27,5.45317e-27,5.52917e-27,5.60671e-27,5.68326e-27,5.76121e-27,5.838e-27,5.91671e-27,5.9948e-27,6.07395e-27,6.15164e-27,6.23093e-27,6.3093e-27,6.3898e-27,6.46993e-27,6.55134e-27,6.63155e-27,6.71356e-27,6.7949e-27,6.87857e-27,6.96075e-27,7.04439e-27,7.12708e-27,7.21175e-27,7.29603e-27,7.38143e-27,7.46562e-27,7.55144e-27,7.6366e-27,7.72391e-27,7.80976e-27,7.89689e-27,7.98313e-27,8.07119e-27,8.15893e-27,8.249e-27,8.33796e-27,8.42839e-27,8.51827e-27,8.61013e-27,8.70203e-27,8.79504e-27,8.88729e-27,8.98115e-27,9.07485e-27,9.17067e-27,9.26691e-27,9.36441e-27,9.46151e-27,9.56036e-27,9.65939e-27,9.76066e-27,9.86129e-27,9.96326e-27,1.00651e-26,1.01688e-26,1.0273e-26,1.03781e-26,1.04828e-26,1.05889e-26,1.06951e-26,1.08032e-26,1.09107e-26,1.1019e-26,1.11274e-26,1.12371e-26,1.13475e-26,1.14599e-26,1.15722e-26,1.16859e-26,1.18003e-26,1.19167e-26,1.20348e-26,1.21541e-26,1.22741e-26,1.23952e-26,1.25157e-26,1.26337e-26,1.2744e-26,1.28373e-26,1.29002e-26,1.29139e-26,1.28548e-26,1.27016e-26,1.24483e-26,1.21258e-26
0,7.4098e-29,1.48168e-28,2.22299e-28,2.96347e-28,3.70517e-28,4.44548e-28,5.18762e-28,5.92784e-28,6.6705e-28,7.41075e-28,8.15428e-28,8.89497e-28,9.63933e-28,1.038e-27,1.11249e-27,1.18658e-27,1.26116e-27,1.33526e-27,1.4099e-27,1.48405e-27,1.55881e-27,1.63304e-27,1.70798e-27,1.78237e-27,1.85747e-27,1.93185e-27,2.00695e-27,2.0813e-27,2.15647e-27,2.23092e-27,2.3063e-27,2.38094e-27,2.4565e-27,2.53116e-27,2.60675e-27,2.68142e-27,2.75712e-27,2.83194e-27,2.90789e-27,2.98298e-27,3.05929e-27,3.13468e-27,3.21131e-27,3.28701e-27,3.36404e-27,3.44012e-27,3.51745e-27,3.59368e-27,3.6712e-27,3.74762e-27,3.82539e-27,3.9019e-27,3.97968e-27,4.05619e-27,4.13405e-27,4.2107e-27,4.2888e-27,4.36571e-27,4.44419e-27,4.52154e-27,4.60052e-27,4.67837e-27,4.75776e-27,4.8359e-27,4.91562e-27,4.99409e-27,5.07417e-27,5.15289e-27,5.23312e-27,5.312e-27,5.39246e-27,5.47163e-27,5.55247e-27,5.63209e-27,5.71347e-27,5.7937e-27,5.87576e-27,5.95668e-27,6.03933e-27,6.12076e-27,6.20397e-27,6.28613e-27,6.37008e-27,6.45271e-27,6.53688e-27,6.61982e-27,6.70471e-27,6.78878e-27,6.87487e-27,6.95991e-27,7.04672e-27,7.13254e-27,7.22042e-27,7.30736e-27,7.39611e-27,7.48368e-27,7.57308e-27,7.66165e-27,7.75206e-27,7.84141e-27,7.93235e-27,8.02229e-27,8.11411e-27,8.20501e-27,8.29753e-27,8.38893e-27,8.48199e-27,8.57439e-27,8.66886e-27,8.76278e-27,8.85851e-27,8.95349e-27,9.0503e-27,9.14671e-27,9.24497e-27,9.34264e-27,9.44189e-27,9.54067e-27,9.64143e-27,9.74218e-27,9.84495e-27,9.94752e-27,1.00518e-26,1.0156e-26,1.02622e-26,1.03684e-26,1.04762e-26,1.05838e-26,1.06931e-26,1.08025e-26,1.09135e-26,1.10244e-26,1.11366e-26,1.12486e-26,1.13622e-26,1.14758e-26,1.15905e-26,1.1705e-26,1.18207e-26,1.19366e-26,1.20541e-26,1.21721e-26,1.22914e-26,1.24113e-26,1.25328e-26,1.26557e-26,1.27807e-26,1.29075e-26,1.30368e-26,1.31683e-26,1.33023e-26,1.34366e-26,1.35673e-26,1.36828e-26,1.37575e-26,1.37229e-26,1.33778e-26,1.20604e-26,7.4318e-27,-9.10203e-27
0,7.84495e-29,1.56931e-28,2.35354e-28,3.13874e-28,3.92276e-28,4.70839e-28,5.49226e-28,6.27839e-28,7.06218e-28,7.84888e-28,8.63267e-28,9.42098e-28,1.02058e-27,1.09938e-27,1.17778e-27,1.25675e-27,1.33526e-27,1.41421e-27,1.49265e-27,1.57178e-27,1.65035e-27,1.72949e-27,1.80821e-27,1.88775e-27,1.96661e-27,2.04616e-27,2.12478e-27,2.20433e-27,2.28311e-27,2.36269e-27,2.44165e-27,2.52166e-27,2.60081e-27,2.68085e-27,2.75979e-27,2.83988e-27,2.91901e-27,2.99916e-27,3.07852e-27,3.15915e-27,3.23876e-27,3.31987e-27,3.39974e-27,3.48097e-27,3.5615e-27,3.64324e-27,3.72405e-27,3.80591e-27,3.88661e-27,3.96899e-27,4.04998e-27,4.13249e-27,4.21338e-27,4.29563e-27,4.37683e-27,4.45925e-27,4.5404e-27,4.6234e-27,4.70493e-27,4.78815e-27,4.87048e-27,4.95434e-27,5.03708e-27,5.12119e-27,5.20397e-27,5.28873e-27,5.37196e-27,5.45698e-27,5.54028e-27,5.6252e-27,5.70897e-27,5.7942e-27,5.8781e-27,5.96408e-27,6.04855e-27,6.13493e-27,6.22039e-27,6.30758e-27,6.39367e-27,6.4813e-27,6.56765e-27,6.65615e-27,6.74396e-27,6.83294e-27,6.92027e-27,7.00938e-27,7.09746e-27,7.18795e-27,7.27804e-27,7.36955e-27,7.45971e-27,7.55189e-27,7.64333e-27,7.73739e-27,7.82976e-27,7.92376e-27,8.0167e-27,8.11187e-27,8.2066e-27,8.30258e-27,8.39718e-27,8.49361e-27,8.58931e-27,8.68743e-27,8.78388e-27,8.88177e-27,8.97864e-27,9.07756e-27,9.17614e-27,9.27735e-27,9.3773e-27,9.4789e-27,9.5799e-27,9.68312e-27,9.78639e-27,9.8909e-27,9.99454e-27,1.01e-26,1.02053e-26,1.0313e-26,1.04212e-26,1.05308e-26,1.06399e-26,1.07511e-26,1.08625e-26,1.09763e-26,1.10895e-26,1.12042e-26,1.13188e-26,1.14355e-26,1.15527e-26,1.16709e-26,1.17887e-26,1.19079e-26,1.20273e-26,1.21488e-26,1.22694e-26,1.23909e-26,1.25123e-26,1.26351e-26,1.27585e-26,1.28839e-26,1.3009e-26,1.31355e-26,1.32628e-26,1.33924e-26,1.35244e-26,1.3659e-26,1.37964e-26,1.3939e-26,1.40872e-26,1.42429e-26,1.44052e-26,1.45693e-26,1.47235e-26,1.48419e-26,1.48722e-26,1.47305e-26,1.43203e-26,1.36416e-26
0,8.28335e-29,1.65636e-28,2.48507e-28,3.31284e-28,4.14197e-28,4.96955e-28,5.79917e-28,6.62661e-28,7.45676e-28,8.28408e-28,9.11459e-28,9.94351e-28,1.07765e-27,1.16036e-27,1.24354e-27,1.32645e-27,1.4099e-27,1.49265e-27,1.57599e-27,1.65895e-27,1.74256e-27,1.82532e-27,1.90915e-27,1.99245e-27,2.07654e-27,2.15974e-27,2.24345e-27,2.32659e-27,2.41064e-27,2.49363e-27,2.57794e-27,2.66151e-27,2.74611e-27,2.82962e-27,2.91387e-27,2.99736e-27,3.08199e-27,3.16537e-27,3.25028e-27,3.33425e-27,3.41939e-27,3.50396e-27,3.58938e-27,3.67377e-27,3.7602e-27,3.84517e-27,3.93194e-27,4.01693e-27,4.10335e-27,4.18911e-27,4.27595e-27,4.3618e-27,4.44849e-27,4.53376e-27,4.62104e-27,4.70644e-27,4.79345e-27,4.87969e-27,4.96713e-27,5.05334e-27,5.14193e-27,5.22886e-27,5.31791e-27,5.40501e-27,5.49386e-27,5.58189e-27,5.67129e-27,5.75959e-27,5.84899e-27,5.93688e-27,6.02704e-27,6.11523e-27,6.20529e-27,6.29452e-27,6.38518e-27,6.47457e-27,6.56657e-27,6.6569e-27,6.74955e-27,6.84025e-27,6.93286e-27,7.02457e-27,7.11939e-27,7.21159e-27,7.30518e-27,7.39731e-27,7.49169e-27,7.58548e-27,7.68267e-27,7.77756e-27,7.87413e-27,7.96959e-27,8.06764e-27,8.16579e-27,8.2648e-27,8.36221e-27,8.46166e-27,8.56047e-27,8.66246e-27,8.76215e-27,8.86329e-27,8.96333e-27,9.06575e-27,9.16826e-27,9.27143e-27,9.37303e-27,9.4764e-27,9.57912e-27,9.68446e-27,9.79034e-27,9.89711e-27,1.00027e-26,1.01104e-26,1.0218e-26,1.03287e-26,1.04376e-26,1.0548e-26,1.06578e-26,1.07699e-26,1.08823e-26,1.09981e-26,1.11125e-26,1.12287e-26,1.13447e-26,1.14632e-26,1.15829e-26,1.17034e-26,1.18233e-26,1.1945e-26,1.20672e-26,1.21924e-26,1.23162e-26,1.24412e-26,1.25661e-26,1.26929e-26,1.28207e-26,1.29487e-26,1.30759e-26,1.32042e-26,1.33327e-26,1.3463e-26,1.35947e-26,1.37266e-26,1.38584e-26,1.3992e-26,1.41271e-26,1.42661e-26,1.44068e-26,1.45521e-26,1.47039e-26,1.48663e-26,1.50434e-26,1.52419e-26,1.54657e-26,1.57263e-26,1.60495e-26,1.65401e-26,1.76688e-26,2.14777e-26,3.63851e-26
0,8.71923e-29,1.7442e-28,2.61583e-28,3.48853e-28,4.35992e-28,5.23309e-28,6.10431e-28,6.97801e-28,7.84911e-28,8.72342e-28,9.59454e-28,1.04708e-27,1.13431e-27,1.22189e-27,1.30901e-27,1.39679e-27,1.48405e-27,1.57178e-27,1.65895e-27,1.74689e-27,1.83421e-27,1.92215e-27,2.00964e-27,2.09807e-27,2.18574e-27,2.27415e-27,2.36151e-27,2.4499e-27,2.53744e-27,2.62585e-27,2.71361e-27,2.80255e-27,2.89053e-27,2.97948e-27,3.06719e-27,3.15616e-27,3.24408e-27,3.33312e-27,3.42129e-27,3.51087e-27,3.59933e-27,3.68947e-27,3.7782e-27,3.86845e-27,3.95796e-27,4.04881e-27,4.13863e-27,4.22959e-27,4.31925e-27,4.41081e-27,4.50082e-27,4.59251e-27,4.68237e-27,4.77373e-27,4.86393e-27,4.95545e-27,5.04557e-27,5.13776e-27,5.22831e-27,5.32074e-27,5.41223e-27,5.5054e-27,5.59736e-27,5.69078e-27,5.78274e-27,5.87691e-27,5.96939e-27,6.06385e-27,6.15635e-27,6.25064e-27,6.34367e-27,6.4383e-27,6.53145e-27,6.62692e-27,6.7207e-27,6.81661e-27,6.91154e-27,7.00838e-27,7.104e-27,7.20129e-27,7.29715e-27,7.39545e-27,7.49304e-27,7.59185e-27,7.68873e-27,7.78755e-27,7.88526e-27,7.98572e-27,8.08582e-27,8.18743e-27,8.28747e-27,8.38975e-27,8.49129e-27,8.59578e-27,8.69834e-27,8.80263e-27,8.90575e-27,9.01139e-27,9.11662e-27,9.22316e-27,9.32811e-27,9.43507e-27,9.5413e-27,9.65025e-27,9.75728e-27,9.8658e-27,9.97318e-27,1.00828e-26,1.01922e-26,1.03046e-26,1.04155e-26,1.05282e-26,1.06402e-26,1.07548e-26,1.08695e-26,1.09854e-26,1.11004e-26,1.12173e-26,1.1334e-26,1.14536e-26,1.15737e-26,1.16954e-26,1.18166e-26,1.194e-26,1.20637e-26,1.21903e-26,1.23161e-26,1.24435e-26,1.25708e-26,1.27005e-26,1.28309e-26,1.29623e-26,1.30931e-26,1.32256e-26,1.33583e-26,1.34933e-26,1.36272e-26,1.37619e-26,1.38962e-26,1.40319e-26,1.41681e-26,1.43062e-26,1.44436e-26,1.45819e-26,1.47206e-26,1.48616e-26,1.50049e-26,1.51511e-26,1.53017e-26,1.54607e-26,1.56328e-26,1.58265e-26,1.60527e-26,1.63265e-26,1.66679e-26,1.70923e-26,1.75729e-26,1.79269e-26,1.75372e-26,1.51573e-26
