0,0,0,0,0,0,0,0,0,0,0,0,0,0,0,0,0,0,0,0,0,0,0,0,0,0,0,0,0,0,0,0,0,0,0,0,0,0,0,0,0,0,0,0,0,0,0,0,0,0,0,0,0,0,0,0,0,0,0,0,0,0,0,0,0,0,0,0,0,0,0,0,0,0,0,0,0,0,0,0,0,0,0,0,0,0,0,0,0,0,0,0,0,0,0,0,0,0,0,0,0,0,0,0,0,0,0,0,0,0,0,0,0,0,0,0,0,0,0,0,0,0,0,0,0,0,0,0,0,0,0,0,0,0,0,0,0,0,0,0,0,0,0,0,0,0,0,0,0,0,0,0,0,0,0,0,0,0,0,0,0
0,-0.000119034,-0.000218537,-0.000306229,-0.000385743,-0.000459065,-0.000527421,-0.000591636,-0.0006523,-0.000709855,-0.000764648,-0.000816955,-0.000867001,-0.000914975,-0.000961036,-0.00100532,-0.00104795,-0.00108902,-0.00112863,-0.00116685,-0.00120377,-0.00123944,-0.00127393,-0.00130729,-0.00133956,-0.00137079,-0.00140103,-0.00143031,-0.00145866,-0.00148613,-0.00151273,-0.0015385,-0.00156346,-0.00158764,-0.00161106,-0.00163375,-0.00165571,-0.00167698,-0.00169757,-0.00171749,-0.00173677,-0.00175541,-0.00177344,-0.00179086,-0.00180769,-0.00182394,-0.00183962,-0.00185475,-0.00186933,-0.00188337,-0.00189688,-0.00190988,-0.00192236,-0.00193434,-0.00194583,-0.00195683,-0.00196735,-0.00197739,-0.00198696,-0.00199608,-0.00200473,-0.00201293,-0.00202068,-0.00202799,-0.00203486,-0.0020413,-0.0020473,-0.00205288,-0.00205803,-0.00206275,-0.00206706,-0.00207095,-0.00207443,-0.00207749,-0.00208014,-0.00208238,-0.00208421,-0.00208564,-0.00208665,-0.00208726,-0.00208746,-0.00208726,-0.00208665,-0.00208564,-0.00208421,-0.00208238,-0.00208014,-0.00207749,-0.00207443,-0.00207095,-0.00206706,-0.00206275,-0.00205803,-0.00205288,-0.0020473,-0.0020413,-0.00203486,-0.00202799,-0.00202068,-0.00201293,-0.00200473,-0.00199608,-0.00198696,-0.00197739,-0.00196735,-0.00195683,-0.00194583,-0.00193434,-0.00192236,-0.00190988,-0.00189688,-0.00188337,-0.00186933,-0.00185475,-0.00183962,-0.00182394,-0.00180769,-0.00179086,-0.00177344,-0.00175541,-0.00173677,-0.00171749,-0.00169757,-0.00167698,-0.00165571,-0.00163375,-0.00161106,-0.00158764,-0.00156346,-0.0015385,-0.00151273,-0.00148613,-0.00145866,-0.00143031,-0.00140103,-0.00137079,-0.00133956,-0.00130729,-0.00127393,-0.00123944,-0.00120377,-0.00116685,-0.00112863,-0.00108902,-0.00104795,-0.00100532,-0.000961036,-0.000914975,-0.000867001,-0.000816955,-0.000764648,-0.000709855,-0.0006523,-0.000591636,-0.000527421,-0.000459065,-0.000385743,-0.000306229,-0.000218537,-0.000119034,7.57864e-28
0,-0.000218537,-0.000409822,-0.000581576,-0.000738614,-0.000884033,-0.00101992,-0.00114776,-0.00126864,-0.00138341,-0.00149272,-0.00159711,-0.00169701,-0.0017928,-0.00188479,-0.00197324,-0.00205839,-0.00214044,-0.00221957,-0.00229596,-0.00236972,-0.00244101,-0.00250993,-0.00257659,-0.00264109,-0.00270352,-0.00276396,-0.00282248,-0.00287916,-0.00293406,-0.00298723,-0.00303874,-0.00308864,-0.00313698,-0.0031838,-0.00322915,-0.00327306,-0.00331558,-0.00335674,-0.00339657,-0.00343511,-0.00347238,-0.00350842,-0.00354325,-0.0035769,-0.00360939,-0.00364074,-0.00367098,-0.00370013,-0.0037282,-0.00375522,-0.0037812,-0.00380616,-0.00383012,-0.00385309,-0.00387508,-0.00389611,-0.00391619,-0.00393533,-0.00395355,-0.00397085,-0.00398725,-0.00400275,-0.00401736,-0.0040311,-0.00404397,-0.00405597,-0.00406712,-0.00407742,-0.00408687,-0.00409548,-0.00410326,-0.00411021,-0.00411633,-0.00412163,-0.00412611,-0.00412977,-0.00413262,-0.00413465,-0.00413587,-0.00413628,-0.00413587,-0.00413465,-0.00413262,-0.00412977,-0.00412611,-0.00412163,-0.00411633,-0.00411021,-0.00410326,-0.00409548,-0.00408687,-0.00407742,-0.00406712,-0.00405597,-0.00404397,-0.0040311,-0.00401736,-0.00400275,-0.00398725,-0.00397085,-0.00395355,-0.00393533,-0.00391619,-0.00389611,-0.00387508,-0.00385309,-0.00383012,-0.00380616,-0.0037812,-0.00375522,-0.0037282,-0.00370013,-0.00367098,-0.00364074,-0.00360939,-0.0035769,-0.00354325,-0.00350842,-0.00347238,-0.00343511,-0.00339657,-0.00335674,-0.00331558,-0.00327306,-0.00322915,-0.0031838,-0.00313698,-0.00308864,-0.00303874,-0.00298723,-0.00293406,-0.00287916,-0.00282248,-0.00276396,-0.00270352,-0.00264109,-0.00257659,-0.00250993,-0.00244101,-0.00236972,-0.00229596,-0.00221957,-0.00214044,-0.00205839,-0.00197324,-0.00188479,-0.0017928,-0.00169701,-0.00159711,-0.00149272,-0.00138341,-0.00126864,-0.00114776,-0.00101992,-0.000884033,-0.000738614,-0.000581576,-0.000409822,-0.000218537,1.51573e-27
0,-0.000306229,-0.000581576,-0.000832575,-0.00106404,-0.00127947,-0.00148141,-0.00167178,-0.00185205,-0.00202336,-0.00218666,-0.00234268,-0.00249208,-0.00263537,-0.00277301,-0.00290539,-0.00303286,-0.00315571,-0.00327422,-0.00338861,-0.0034991,-0.00360588,-0.00370913,-0.003809,-0.00390564,-0.00399918,-0.00408974,-0.00417744,-0.00426237,-0.00434464,-0.00442434,-0.00450154,-0.00457633,-0.00464878,-0.00471896,-0.00478693,-0.00485275,-0.00491648,-0.00497817,-0.00503788,-0.00509565,-0.00515152,-0.00520555,-0.00525776,-0.0053082,-0.00535691,-0.00540391,-0.00544925,-0.00549295,-0.00553503,-0.00557554,-0.00561449,-0.00565191,-0.00568783,-0.00572226,-0.00575523,-0.00578676,-0.00581686,-0.00584557,-0.00587288,-0.00589882,-0.0059234,-0.00594664,-0.00596856,-0.00598915,-0.00600844,-0.00602644,-0.00604315,-0.00605859,-0.00607276,-0.00608568,-0.00609734,-0.00610776,-0.00611694,-0.00612489,-0.0061316,-0.00613709,-0.00614136,-0.00614441,-0.00614623,-0.00614684,-0.00614623,-0.00614441,-0.00614136,-0.00613709,-0.0061316,-0.00612489,-0.00611694,-0.00610776,-0.00609734,-0.00608568,-0.00607276,-0.00605859,-0.00604315,-0.00602644,-0.00600844,-0.00598915,-0.00596856,-0.00594664,-0.0059234,-0.00589882,-0.00587288,-0.00584557,-0.00581686,-0.00578676,-0.00575523,-0.00572226,-0.00568783,-0.00565191,-0.00561449,-0.00557554,-0.00553503,-0.00549295,-0.00544925,-0.00540391,-0.00535691,-0.0053082,-0.00525776,-0.00520555,-0.00515152,-0.00509565,-0.00503788,-0.00497817,-0.00491648,-0.00485275,-0.00478693,-0.00471896,-0.00464878,-0.00457633,-0.00450154,-0.00442434,-0.00434464,-0.00426237,-0.00417744,-0.00408974,-0.00399918,-0.00390564,-0.003809,-0.00370913,-0.00360588,-0.0034991,-0.00338861,-0.00327422,-0.00315571,-0.00303286,-0.00290539,-0.00277301,-0.00263537,-0.00249208,-0.00234268,-0.00218666,-0.00202336,-0.00185205,-0.00167178,-0.00148141,-0.00127947,-0.00106404,-0.000832575,-0.000581576,-0.000306229,2.27359e-27
0,-0.000385743,-0.000738614,-0.00106404,-0.00136645,-0.00164933,-0.00191541,-0.00216684,-0.00240533,-0.00263227,-0.00284879,-0.00305583,-0.00325419,-0.00344453,-0.00362743,-0.00380341,-0.00397289,-0.00413628,-0.00429391,-0.0044461,-0.00459312,-0.00473523,-0.00487265,-0.00500558,-0.00513423,-0.00525876,-0.00537933,-0.0054961,-0.0056092,-0.00571875,-0.00582488,-0.00592769,-0.0060273,-0.00612379,-0.00621726,-0.00630779,-0.00639547,-0.00648036,-0.00656254,-0.00664207,-0.00671903,-0.00679346,-0.00686543,-0.00693499,-0.00700219,-0.00706708,-0.0071297,-0.0071901,-0.00724832,-0.00730439,-0.00735836,-0.00741025,-0.00746011,-0.00750797,-0.00755384,-0.00759777,-0.00763978,-0.00767989,-0.00771813,-0.00775452,-0.00778909,-0.00782184,-0.00785281,-0.00788201,-0.00790945,-0.00793516,-0.00795914,-0.00798141,-0.00800198,-0.00802086,-0.00803807,-0.00805361,-0.0080675,-0.00807973,-0.00809032,-0.00809926,-0.00810658,-0.00811227,-0.00811632,-0.00811876,-0.00811957,-0.00811876,-0.00811632,-0.00811227,-0.00810658,-0.00809926,-0.00809032,-0.00807973,-0.0080675,-0.00805361,-0.00803807,-0.00802086,-0.00800198,-0.00798141,-0.00795914,-0.00793516,-0.00790945,-0.00788201,-0.00785281,-0.00782184,-0.00778909,-0.00775452,-0.00771813,-0.00767989,-0.00763978,-0.00759777,-0.00755384,-0.00750797,-0.00746011,-0.00741025,-0.00735836,-0.00730439,-0.00724832,-0.0071901,-0.0071297,-0.00706708,-0.00700219,-0.00693499,-0.00686543,-0.00679346,-0.00671903,-0.00664207,-0.00656254,-0.00648036,-0.00639547,-0.00630779,-0.00621726,-0.00612379,-0.0060273,-0.00592769,-0.00582488,-0.00571875,-0.0056092,-0.0054961,-0.00537933,-0.00525876,-0.00513423,-0.00500558,-0.00487265,-0.00473523,-0.00459312,-0.0044461,-0.00429391,-0.00413628,-0.00397289,-0.00380341,-0.00362743,-0.00344453,-0.00325419,-0.00305583,-0.00284879,-0.00263227,-0.00240533,-0.00216684,-0.00191541,-0.00164933,-0.00136645,-0.00106404,-0.000738614,-0.000385743,3.03146e-27
0,-0.000459065,-0.000884033,-0.00127947,-0.00164933,-0.00199693,-0.002325,-0.00263578,-0.00293112,-0.00321255,-0.00348135,-0.00373861,-0.00398525,-0.00422206,-0.00444972,-0.00466885,-0.00487996,-0.00508354,-0.00527999,-0.0054697,-0.005653,-0.0058302,-0.00600158,-0.0061674,-0.00632788,-0.00648324,-0.00663367,-0.00677937,-0.0069205,-0.00705722,-0.00718968,-0.007318,-0.00744233,-0.00756277,-0.00767945,-0.00779246,-0.00790191,-0.00800789,-0.00811049,-0.00820979,-0.00830588,-0.00839881,-0.00848867,-0.00857553,-0.00865944,-0.00874046,-0.00881866,-0.00889408,-0.00896678,-0.0090368,-0.00910419,-0.009169,-0.00923127,-0.00929103,-0.00934832,-0.00940318,-0.00945564,-0.00950574,-0.0095535,-0.00959894,-0.00964211,-0.00968302,-0.0097217,-0.00975816,-0.00979244,-0.00982454,-0.00985449,-0.00988231,-0.009908,-0.00993159,-0.00995308,-0.00997249,-0.00998983,-0.0100051,-0.0100183,-0.0100295,-0.0100386,-0.0100457,-0.0100508,-0.0100539,-0.0100549,-0.0100539,-0.0100508,-0.0100457,-0.0100386,-0.0100295,-0.0100183,-0.0100051,-0.00998983,-0.00997249,-0.00995308,-0.00993159,-0.009908,-0.00988231,-0.00985449,-0.00982454,-0.00979244,-0.00975816,-0.0097217,-0.00968302,-0.00964211,-0.00959894,-0.0095535,-0.00950574,-0.00945564,-0.00940318,-0.00934832,-0.00929103,-0.00923127,-0.009169,-0.00910419,-0.0090368,-0.00896678,-0.00889408,-0.00881866,-0.00874046,-0.00865944,-0.00857553,-0.00848867,-0.00839881,-0.00830588,-0.00820979,-0.00811049,-0.00800789,-0.00790191,-0.00779246,-0.00767945,-0.00756277,-0.00744233,-0.007318,-0.00718968,-0.00705722,-0.0069205,-0.00677937,-0.00663367,-0.00648324,-0.00632788,-0.0061674,-0.00600158,-0.0058302,-0.005653,-0.0054697,-0.00527999,-0.00508354,-0.00487996,-0.00466885,-0.00444972,-0.00422206,-0.00398525,-0.00373861,-0.00348135,-0.00321255,-0.00293112,-0.00263578,-0.002325,-0.00199693,-0.00164933,-0.00127947,-0.000884033,-0.000459065,3.78932e-27
0,-0.000527421,-0.00101992,-0.00148141,-0.00191541,-0.002325,-0.00271281,-0.00308109,-0.00343174,-0.00376639,-0.00408639,-0.00439295,-0.00468708,-0.00496967,-0.00524149,-0.00550324,-0.00575552,-0.00599886,-0.00623376,-0.00646065,-0.00667993,-0.00689195,-0.00709703,-0.00729549,-0.00748758,-0.00767358,-0.0078537,-0.00802816,-0.00819717,-0.0083609,-0.00851955,-0.00867325,-0.00882218,-0.00896646,-0.00910624,-0.00924164,-0.00937277,-0.00949975,-0.00962269,-0.00974168,-0.00985681,-0.00996818,-0.0100759,-0.01018,-0.0102805,-0.0103776,-0.0104713,-0.0105617,-0.0106489,-0.0107328,-0.0108136,-0.0108912,-0.0109659,-0.0110375,-0.0111062,-0.0111719,-0.0112348,-0.0112949,-0.0113521,-0.0114066,-0.0114583,-0.0115074,-0.0115537,-0.0115975,-0.0116385,-0.011677,-0.0117129,-0.0117463,-0.0117771,-0.0118054,-0.0118311,-0.0118544,-0.0118752,-0.0118935,-0.0119093,-0.0119227,-0.0119337,-0.0119422,-0.0119483,-0.0119519,-0.0119531,-0.0119519,-0.0119483,-0.0119422,-0.0119337,-0.0119227,-0.0119093,-0.0118935,-0.0118752,-0.0118544,-0.0118311,-0.0118054,-0.0117771,-0.0117463,-0.0117129,-0.011677,-0.0116385,-0.0115975,-0.0115537,-0.0115074,-0.0114583,-0.0114066,-0.0113521,-0.0112949,-0.0112348,-0.0111719,-0.0111062,-0.0110375,-0.0109659,-0.0108912,-0.0108136,-0.0107328,-0.0106489,-0.0105617,-0.0104713,-0.0103776,-0.0102805,-0.01018,-0.0100759,-0.00996818,-0.00985681,-0.00974168,-0.00962269,-0.00949975,-0.00937277,-0.00924164,-0.00910624,-0.00896646,-0.00882218,-0.00867325,-0.00851955,-0.0083609,-0.00819717,-0.00802816,-0.0078537,-0.00767358,-0.00748758,-0.00729549,-0.00709703,-0.00689195,-0.00667993,-0.00646065,-0.00623376,-0.00599886,-0.00575552,-0.00550324,-0.00524149,-0.00496967,-0.00468708,-0.00439295,-0.00408639,-0.00376639,-0.00343174,-0.00308109,-0.00271281,-0.002325,-0.00191541,-0.00148141,-0.00101992,-0.000527421,4.54719e-27
0,-0.000591636,-0.00114776,-0.00167178,-0.00216684,-0.00263578,-0.00308109,-0.00350497,-0.00390933,-0.0042958,-0.00466583,-0.00502066,-0.00536139,-0.00568899,-0.00600429,-0.00630805,-0.00660094,-0.00688357,-0.00715648,-0.00742016,-0.00767505,-0.00792156,-0.00816006,-0.00839088,-0.00861434,-0.00883074,-0.00904032,-0.00924335,-0.00944005,-0.00963063,-0.0098153,-0.00999423,-0.0101676,-0.0103356,-0.0104984,-0.010656,-0.0108087,-0.0109566,-0.0110998,-0.0112384,-0.0113725,-0.0115022,-0.0116276,-0.0117489,-0.011866,-0.0119791,-0.0120883,-0.0121936,-0.0122951,-0.0123929,-0.012487,-0.0125775,-0.0126644,-0.0127479,-0.0128279,-0.0129045,-0.0129778,-0.0130478,-0.0131145,-0.0131779,-0.0132382,-0.0132954,-0.0133494,-0.0134003,-0.0134482,-0.0134931,-0.0135349,-0.0135737,-0.0136096,-0.0136426,-0.0136726,-0.0136997,-0.0137239,-0.0137453,-0.0137638,-0.0137794,-0.0137921,-0.0138021,-0.0138091,-0.0138134,-0.0138148,-0.0138134,-0.0138091,-0.0138021,-0.0137921,-0.0137794,-0.0137638,-0.0137453,-0.0137239,-0.0136997,-0.0136726,-0.0136426,-0.0136096,-0.0135737,-0.0135349,-0.0134931,-0.0134482,-0.0134003,-0.0133494,-0.0132954,-0.0132382,-0.0131779,-0.0131145,-0.0130478,-0.0129778,-0.0129045,-0.0128279,-0.0127479,-0.0126644,-0.0125775,-0.012487,-0.0123929,-0.0122951,-0.0121936,-0.0120883,-0.0119791,-0.011866,-0.0117489,-0.0116276,-0.0115022,-0.0113725,-0.0112384,-0.0110998,-0.0109566,-0.0108087,-0.010656,-0.0104984,-0.0103356,-0.0101676,-0.00999423,-0.0098153,-0.00963063,-0.00944005,-0.00924335,-0.00904032,-0.00883074,-0.00861434,-0.00839088,-0.00816006,-0.00792156,-0.00767505,-0.00742016,-0.00715648,-0.00688357,-0.00660094,-0.00630805,-0.00600429,-0.00568899,-0.00536139,-0.00502066,-0.00466583,-0.0042958,-0.00390933,-0.00350497,-0.00308109,-0.00263578,-0.00216684,-0.00167178,-0.00114776,-0.000591636,5.30505e-27
0,-0.0006523,-0.00126864,-0.00185205,-0.00240533,-0.00293112,-0.00343174,-0.00390933,-0.00436573,-0.0048026,-0.0052214,-0.00562342,-0.00600979,-0.00638154,-0.00673956,-0.00708466,-0.00741757,-0.00773895,-0.00804938,-0.0083494,-0.0086395,-0.00892013,-0.0091917,-0.00945458,-0.00970912,-0.00995565,-0.0101945,-0.0104258,-0.01065,-0.0108672,-0.0110777,-0.0112817,-0.0114794,-0.0116709,-0.0118565,-0.0120363,-0.0122105,-0.0123791,-0.0125424,-0.0127005,-0.0128534,-0.0130014,-0.0131445,-0.0132828,-0.0134165,-0.0135455,-0.0136701,-0.0137902,-0.013906,-0.0140176,-0.014125,-0.0142282,-0.0143274,-0.0144227,-0.014514,-0.0146014,-0.014685,-0.0147649,-0.014841,-0.0149134,-0.0149822,-0.0150474,-0.0151091,-0.0151672,-0.0152219,-0.015273,-0.0153208,-0.0153651,-0.0154061,-0.0154437,-0.015478,-0.0155089,-0.0155366,-0.0155609,-0.015582,-0.0155998,-0.0156144,-0.0156257,-0.0156338,-0.0156386,-0.0156403,-0.0156386,-0.0156338,-0.0156257,-0.0156144,-0.0155998,-0.015582,-0.0155609,-0.0155366,-0.0155089,-0.015478,-0.0154437,-0.0154061,-0.0153651,-0.0153208,-0.015273,-0.0152219,-0.0151672,-0.0151091,-0.0150474,-0.0149822,-0.0149134,-0.014841,-0.0147649,-0.014685,-0.0146014,-0.014514,-0.0144227,-0.0143274,-0.0142282,-0.014125,-0.0140176,-0.013906,-0.0137902,-0.0136701,-0.0135455,-0.0134165,-0.0132828,-0.0131445,-0.0130014,-0.0128534,-0.0127005,-0.0125424,-0.0123791,-0.0122105,-0.0120363,-0.0118565,-0.0116709,-0.0114794,-0.0112817,-0.0110777,-0.0108672,-0.01065,-0.0104258,-0.0101945,-0.00995565,-0.00970912,-0.00945458,-0.0091917,-0.00892013,-0.0086395,-0.0083494,-0.00804938,-0.00773895,-0.00741757,-0.00708466,-0.00673956,-0.00638154,-0.00600979,-0.00562342,-0.0052214,-0.0048026,-0.00436573,-0.00390933,-0.00343174,-0.00293112,-0.00240533,-0.00185205,-0.00126864,-0.0006523,6.06291e-27
0,-0.000709855,-0.00138341,-0.00202336,-0.00263227,-0.00321255,-0.00376639,-0.0042958,-0.0048026,-0.00528841,-0.00575469,-0.00620275,-0.00663376,-0.00704875,-0.00744869,-0.00783441,-0.00820669,-0.00856622,-0.00891363,-0.00924951,-0.00957437,-0.00988871,-0.010193,-0.0104876,-0.0107729,-0.0110492,-0.011317,-0.0115764,-0.0118278,-0.0120715,-0.0123076,-0.0125365,-0.0127583,-0.0129732,-0.0131814,-0.0133832,-0.0135787,-0.0137679,-0.0139512,-0.0141287,-0.0143004,-0.0144665,-0.0146271,-0.0147824,-0.0149324,-0.0150773,-0.0152172,-0.0153521,-0.0154821,-0.0156074,-0.015728,-0.015844,-0.0159554,-0.0160623,-0.0161649,-0.0162631,-0.016357,-0.0164466,-0.0165321,-0.0166135,-0.0166908,-0.016764,-0.0168333,-0.0168986,-0.0169599,-0.0170174,-0.017071,-0.0171209,-0.0171669,-0.0172091,-0.0172476,-0.0172824,-0.0173134,-0.0173408,-0.0173644,-0.0173845,-0.0174008,-0.0174135,-0.0174226,-0.0174281,-0.0174299,-0.0174281,-0.0174226,-0.0174135,-0.0174008,-0.0173845,-0.0173644,-0.0173408,-0.0173134,-0.0172824,-0.0172476,-0.0172091,-0.0171669,-0.0171209,-0.017071,-0.0170174,-0.0169599,-0.0168986,-0.0168333,-0.016764,-0.0166908,-0.0166135,-0.0165321,-0.0164466,-0.016357,-0.0162631,-0.0161649,-0.0160623,-0.0159554,-0.015844,-0.015728,-0.0156074,-0.0154821,-0.0153521,-0.0152172,-0.0150773,-0.0149324,-0.0147824,-0.0146271,-0.0144665,-0.0143004,-0.0141287,-0.0139512,-0.0137679,-0.0135787,-0.0133832,-0.0131814,-0.0129732,-0.0127583,-0.0125365,-0.0123076,-0.0120715,-0.0118278,-0.0115764,-0.011317,-0.0110492,-0.0107729,-0.0104876,-0.010193,-0.00988871,-0.00957437,-0.00924951,-0.00891363,-0.00856622,-0.00820669,-0.00783441,-0.00744869,-0.00704875,-0.00663376,-0.00620275,-0.00575469,-0.00528841,-0.0048026,-0.0042958,-0.00376639,-0.00321255,-0.00263227,-0.00202336,-0.00138341,-0.000709855,6.82078e-27
0,-0.000764648,-0.00149272,-0.00218666,-0.00284879,-0.00348135,-0.00408639,-0.00466583,-0.0052214,-0.00575469,-0.00626715,-0.00676009,-0.00723467,-0.00769198,-0.00813298,-0.00855855,-0.0089695,-0.00936654,-0.00975036,-0.0101216,-0.0104807,-0.0108283,-0.0111649,-0.0114908,-0.0118065,-0.0121124,-0.0124087,-0.012696,-0.0129744,-0.0132442,-0.0135057,-0.0137592,-0.0140049,-0.014243,-0.0144738,-0.0146974,-0.0149139,-0.0151237,-0.0153269,-0.0155235,-0.0157138,-0.015898,-0.0160761,-0.0162482,-0.0164145,-0.0165752,-0.0167302,-0.0168798,-0.017024,-0.0171629,-0.0172966,-0.0174252,-0.0175488,-0.0176674,-0.0177811,-0.01789,-0.0179941,-0.0180935,-0.0181884,-0.0182786,-0.0183643,-0.0184455,-0.0185224,-0.0185948,-0.0186628,-0.0187266,-0.0187861,-0.0188413,-0.0188924,-0.0189392,-0.0189819,-0.0190205,-0.0190549,-0.0190853,-0.0191115,-0.0191337,-0.0191519,-0.019166,-0.0191761,-0.0191821,-0.0191841,-0.0191821,-0.0191761,-0.019166,-0.0191519,-0.0191337,-0.0191115,-0.0190853,-0.0190549,-0.0190205,-0.0189819,-0.0189392,-0.0188924,-0.0188413,-0.0187861,-0.0187266,-0.0186628,-0.0185948,-0.0185224,-0.0184455,-0.0183643,-0.0182786,-0.0181884,-0.0180935,-0.0179941,-0.01789,-0.0177811,-0.0176674,-0.0175488,-0.0174252,-0.0172966,-0.0171629,-0.017024,-0.0168798,-0.0167302,-0.0165752,-0.0164145,-0.0162482,-0.0160761,-0.015898,-0.0157138,-0.0155235,-0.0153269,-0.0151237,-0.0149139,-0.0146974,-0.0144738,-0.014243,-0.0140049,-0.0137592,-0.0135057,-0.0132442,-0.0129744,-0.012696,-0.0124087,-0.0121124,-0.0118065,-0.0114908,-0.0111649,-0.0108283,-0.0104807,-0.0101216,-0.00975036,-0.00936654,-0.0089695,-0.00855855,-0.00813298,-0.00769198,-0.00723467,-0.00676009,-0.00626715,-0.00575469,-0.0052214,-0.00466583,-0.00408639,-0.00348135,-0.00284879,-0.00218666,-0.00149272,-0.000764648,7.57864e-27
0,-0.000816955,-0.00159711,-0.00234268,-0.00305583,-0.00373861,-0.00439295,-0.00502066,-0.00562342,-0.00620275,-0.00676009,-0.00729671,-0.00781381,-0.00831246,-0.00879364,-0.00925826,-0.00970714,-0.010141,-0.0105607,-0.0109666,-0.0113595,-0.0117399,-0.0121083,-0.0124652,-0.0128109,-0.0131459,-0.0134706,-0.0137854,-0.0140904,-0.0143862,-0.0146728,-0.0149507,-0.0152201,-0.0154812,-0.0157343,-0.0159795,-0.016217,-0.0164471,-0.0166699,-0.0168857,-0.0170945,-0.0172965,-0.0174919,-0.0176808,-0.0178633,-0.0180396,-0.0182097,-0.0183739,-0.0185321,-0.0186846,-0.0188313,-0.0189724,-0.0191081,-0.0192382,-0.019363,-0.0194826,-0.0195969,-0.0197061,-0.0198101,-0.0199092,-0.0200033,-0.0200925,-0.0201768,-0.0202563,-0.020331,-0.020401,-0.0204663,-0.020527,-0.020583,-0.0206344,-0.0206813,-0.0207237,-0.0207615,-0.0207948,-0.0208236,-0.020848,-0.0208679,-0.0208834,-0.0208945,-0.0209011,-0.0209033,-0.0209011,-0.0208945,-0.0208834,-0.0208679,-0.020848,-0.0208236,-0.0207948,-0.0207615,-0.0207237,-0.0206813,-0.0206344,-0.020583,-0.020527,-0.0204663,-0.020401,-0.020331,-0.0202563,-0.0201768,-0.0200925,-0.0200033,-0.0199092,-0.0198101,-0.0197061,-0.0195969,-0.0194826,-0.019363,-0.0192382,-0.0191081,-0.0189724,-0.0188313,-0.0186846,-0.0185321,-0.0183739,-0.0182097,-0.0180396,-0.0178633,-0.0176808,-0.0174919,-0.0172965,-0.0170945,-0.0168857,-0.0166699,-0.0164471,-0.016217,-0.0159795,-0.0157343,-0.0154812,-0.0152201,-0.0149507,-0.0146728,-0.0143862,-0.0140904,-0.0137854,-0.0134706,-0.0131459,-0.0128109,-0.0124652,-0.0121083,-0.0117399,-0.0113595,-0.0109666,-0.0105607,-0.010141,-0.00970714,-0.00925826,-0.00879364,-0.00831246,-0.00781381,-0.00729671,-0.00676009,-0.00620275,-0.00562342,-0.00502066,-0.00439295,-0.00373861,-0.00305583,-0.00234268,-0.00159711,-0.000816955,3.03222e-26
0,-0.000867001,-0.00169701,-0.00249208,-0.00325419,-0.00398525,-0.00468708,-0.00536139,-0.00600979,-0.00663376,-0.00723467,-0.00781381,-0.00837234,-0.00891134,-0.00943181,-0.00993465,-0.0104207,-0.0108908,-0.0113456,-0.0117857,-0.0122118,-0.0126245,-0.0130243,-0.0134116,-0.013787,-0.0141508,-0.0145034,-0.0148453,-0.0151768,-0.0154981,-0.0158097,-0.0161117,-0.0164046,-0.0166884,-0.0169635,-0.0172301,-0.0174885,-0.0177387,-0.0179811,-0.0182157,-0.0184428,-0.0186626,-0.0188751,-0.0190806,-0.0192792,-0.019471,-0.0196562,-0.0198348,-0.020007,-0.0201729,-0.0203326,-0.0204862,-0.0206338,-0.0207754,-0.0209113,-0.0210414,-0.0211658,-0.0212846,-0.0213979,-0.0215057,-0.0216082,-0.0217052,-0.021797,-0.0218836,-0.0219649,-0.0220411,-0.0221122,-0.0221782,-0.0222392,-0.0222952,-0.0223462,-0.0223923,-0.0224335,-0.0224698,-0.0225012,-0.0225277,-0.0225494,-0.0225663,-0.0225783,-0.0225855,-0.0225879,-0.0225855,-0.0225783,-0.0225663,-0.0225494,-0.0225277,-0.0225012,-0.0224698,-0.0224335,-0.0223923,-0.0223462,-0.0222952,-0.0222392,-0.0221782,-0.0221122,-0.0220411,-0.0219649,-0.0218836,-0.021797,-0.0217052,-0.0216082,-0.0215057,-0.0213979,-0.0212846,-0.0211658,-0.0210414,-0.0209113,-0.0207754,-0.0206338,-0.0204862,-0.0203326,-0.0201729,-0.020007,-0.0198348,-0.0196562,-0.019471,-0.0192792,-0.0190806,-0.0188751,-0.0186626,-0.0184428,-0.0182157,-0.0179811,-0.0177387,-0.0174885,-0.0172301,-0.0169635,-0.0166884,-0.0164046,-0.0161117,-0.0158097,-0.0154981,-0.0151768,-0.0148453,-0.0145034,-0.0141508,-0.013787,-0.0134116,-0.0130243,-0.0126245,-0.0122118,-0.0117857,-0.0113456,-0.0108908,-0.0104207,-0.00993465,-0.00943181,-0.00891134,-0.00837234,-0.00781381,-0.00723467,-0.00663376,-0.00600979,-0.00536139,-0.00468708,-0.00398525,-0.00325419,-0.00249208,-0.00169701,-0.000867001,9.09437e-27
0,-0.000914975,-0.0017928,-0.00263537,-0.00344453,-0.00422206,-0.00496967,-0.00568899,-0.00638154,-0.00704875,-0.00769198,-0.00831246,-0.00891134,-0.00948971,-0.0100485,-0.0105888,-0.0111112,-0.0116168,-0.012106,-0.0125797,-0.0130385,-0.013483,-0.0139136,-0.014331,-0.0147355,-0.0151277,-0.015508,-0.0158767,-0.0162342,-0.0165809,-0.016917,-0.0172429,-0.0175589,-0.0178653,-0.0181623,-0.0184501,-0.018729,-0.0189992,-0.0192608,-0.0195142,-0.0197595,-0.0199969,-0.0202264,-0.0204484,-0.0206629,-0.0208701,-0.0210701,-0.0212631,-0.0214491,-0.0216283,-0.0218009,-0.0219669,-0.0221263,-0.0222794,-0.0224262,-0.0225668,-0.0227013,-0.0228297,-0.0229521,-0.0230686,-0.0231793,-0.0232842,-0.0233834,-0.023477,-0.0235649,-0.0236473,-0.0237241,-0.0237955,-0.0238614,-0.0239219,-0.0239771,-0.0240269,-0.0240714,-0.0241106,-0.0241445,-0.0241732,-0.0241967,-0.0242149,-0.0242279,-0.0242357,-0.0242383,-0.0242357,-0.0242279,-0.0242149,-0.0241967,-0.0241732,-0.0241445,-0.0241106,-0.0240714,-0.0240269,-0.0239771,-0.0239219,-0.0238614,-0.0237955,-0.0237241,-0.0236473,-0.0235649,-0.023477,-0.0233834,-0.0232842,-0.0231793,-0.0230686,-0.0229521,-0.0228297,-0.0227013,-0.0225668,-0.0224262,-0.0222794,-0.0221263,-0.0219669,-0.0218009,-0.0216283,-0.0214491,-0.0212631,-0.0210701,-0.0208701,-0.0206629,-0.0204484,-0.0202264,-0.0199969,-0.0197595,-0.0195142,-0.0192608,-0.0189992,-0.018729,-0.0184501,-0.0181623,-0.0178653,-0.0175589,-0.0172429,-0.016917,-0.0165809,-0.0162342,-0.0158767,-0.015508,-0.0151277,-0.0147355,-0.014331,-0.0139136,-0.013483,-0.0130385,-0.0125797,-0.012106,-0.0116168,-0.0111112,-0.0105888,-0.0100485,-0.00948971,-0.00891134,-0.00831246,-0.00769198,-0.00704875,-0.00638154,-0.00568899,-0.00496967,-0.00422206,-0.00344453,-0.00263537,-0.0017928,-0.000914975,-1.21335e-26
0,-0.000961036,-0.00188479,-0.00277301,-0.00362743,-0.00444972,-0.00524149,-0.00600429,-0.00673956,-0.00744869,-0.00813298,-0.00879364,-0.00943181,-0.0100485,-0.0106448,-0.0112216,-0.0117797,-0.0123199,-0.012843,-0.0133496,-0.0138405,-0.0143162,-0.0147772,-0.0152241,-0.0156574,-0.0160776,-0.016485,-0.0168802,-0.0172634,-0.017635,-0.0179955,-0.018345,-0.0186839,-0.0190125,-0.0193311,-0.0196399,-0.0199391,-0.0202291,-0.0205099,-0.0207818,-0.0210451,-0.0212999,-0.0215463,-0.0217846,-0.0220148,-0.0222373,-0.022452,-0.0226592,-0.022859,-0.0230515,-0.0232368,-0.023415,-0.0235863,-0.0237507,-0.0239083,-0.0240593,-0.0242037,-0.0243417,-0.0244732,-0.0245983,-0.0247172,-0.0248299,-0.0249365,-0.025037,-0.0251314,-0.0252199,-0.0253024,-0.0253791,-0.0254499,-0.025515,-0.0255742,-0.0256277,-0.0256755,-0.0257177,-0.0257541,-0.0257849,-0.0258101,-0.0258297,-0.0258437,-0.0258521,-0.0258549,-0.0258521,-0.0258437,-0.0258297,-0.0258101,-0.0257849,-0.0257541,-0.0257177,-0.0256755,-0.0256277,-0.0255742,-0.025515,-0.0254499,-0.0253791,-0.0253024,-0.0252199,-0.0251314,-0.025037,-0.0249365,-0.0248299,-0.0247172,-0.0245983,-0.0244732,-0.0243417,-0.0242037,-0.0240593,-0.0239083,-0.0237507,-0.0235863,-0.023415,-0.0232368,-0.0230515,-0.022859,-0.0226592,-0.022452,-0.0222373,-0.0220148,-0.0217846,-0.0215463,-0.0212999,-0.0210451,-0.0207818,-0.0205099,-0.0202291,-0.0199391,-0.0196399,-0.0193311,-0.0190125,-0.0186839,-0.018345,-0.0179955,-0.017635,-0.0172634,-0.0168802,-0.016485,-0.0160776,-0.0156574,-0.0152241,-0.0147772,-0.0143162,-0.0138405,-0.0133496,-0.012843,-0.0123199,-0.0117797,-0.0112216,-0.0106448,-0.0100485,-0.00943181,-0.00879364,-0.00813298,-0.00744869,-0.00673956,-0.00600429,-0.00524149,-0.00444972,-0.00362743,-0.00277301,-0.00188479,-0.000961036,1.06101e-26
0,-0.00100532,-0.00197324,-0.00290539,-0.00380341,-0.00466885,-0.00550324,-0.00630805,-0.00708466,-0.00783441,-0.00855855,-0.00925826,-0.00993465,-0.0105888,-0.0112216,-0.011834,-0.012427,-0.0130011,-0.0135574,-0.0140963,-0.0146186,-0.0151249,-0.0156158,-0.0160918,-0.0165534,-0.0170011,-0.0174354,-0.0178566,-0.0182651,-0.0186614,-0.0190458,-0.0194186,-0.0197802,-0.0201308,-0.0204707,-0.0208002,-0.0211196,-0.021429,-0.0217288,-0.0220191,-0.0223001,-0.0225721,-0.0228353,-0.0230897,-0.0233356,-0.0235732,-0.0238025,-0.0240238,-0.0242372,-0.0244428,-0.0246407,-0.0248311,-0.025014,-0.0251897,-0.0253581,-0.0255194,-0.0256737,-0.025821,-0.0259615,-0.0260953,-0.0262223,-0.0263427,-0.0264566,-0.026564,-0.0266649,-0.0267594,-0.0268476,-0.0269296,-0.0270053,-0.0270747,-0.0271381,-0.0271952,-0.0272463,-0.0272914,-0.0273303,-0.0273633,-0.0273902,-0.0274111,-0.0274261,-0.027435,-0.027438,-0.027435,-0.0274261,-0.0274111,-0.0273902,-0.0273633,-0.0273303,-0.0272914,-0.0272463,-0.0271952,-0.0271381,-0.0270747,-0.0270053,-0.0269296,-0.0268476,-0.0267594,-0.0266649,-0.026564,-0.0264566,-0.0263427,-0.0262223,-0.0260953,-0.0259615,-0.025821,-0.0256737,-0.0255194,-0.0253581,-0.0251897,-0.025014,-0.0248311,-0.0246407,-0.0244428,-0.0242372,-0.0240238,-0.0238025,-0.0235732,-0.0233356,-0.0230897,-0.0228353,-0.0225721,-0.0223001,-0.0220191,-0.0217288,-0.021429,-0.0211196,-0.0208002,-0.0204707,-0.0201308,-0.0197802,-0.0194186,-0.0190458,-0.0186614,-0.0182651,-0.0178566,-0.0174354,-0.0170011,-0.0165534,-0.0160918,-0.0156158,-0.0151249,-0.0146186,-0.0140963,-0.0135574,-0.0130011,-0.012427,-0.011834,-0.0112216,-0.0105888,-0.00993465,-0.00925826,-0.00855855,-0.00783441,-0.00708466,-0.00630805,-0.00550324,-0.00466885,-0.00380341,-0.00290539,-0.00197324,-0.00100532,3.33537e-26
0,-0.00104795,-0.00205839,-0.00303286,-0.00397289,-0.00487996,-0.00575552,-0.00660094,-0.00741757,-0.00820669,-0.0089695,-0.00970714,-0.0104207,-0.0111112,-0.0117797,-0.012427,-0.0130539,-0.0136613,-0.01425,-0.0148205,-0.0153737,-0.0159101,-0.0164303,-0.0169348,-0.0174243,-0.017899,-0.0183597,-0.0188065,-0.0192401,-0.0196607,-0.0200687,-0.0204645,-0.0208484,-0.0212206,-0.0215816,-0.0219316,-0.0222709,-0.0225996,-0.0229181,-0.0232266,-0.0235252,-0.0238143,-0.0240939,-0.0243643,-0.0246257,-0.0248782,-0.025122,-0.0253573,-0.0255841,-0.0258027,-0.0260131,-0.0262155,-0.0264101,-0.0265968,-0.0267759,-0.0269475,-0.0271115,-0.0272682,-0.0274177,-0.0275599,-0.027695,-0.0278231,-0.0279442,-0.0280584,-0.0281657,-0.0282663,-0.0283601,-0.0284472,-0.0285277,-0.0286017,-0.028669,-0.0287298,-0.0287842,-0.0288321,-0.0288735,-0.0289086,-0.0289372,-0.0289595,-0.0289754,-0.0289849,-0.0289881,-0.0289849,-0.0289754,-0.0289595,-0.0289372,-0.0289086,-0.0288735,-0.0288321,-0.0287842,-0.0287298,-0.028669,-0.0286017,-0.0285277,-0.0284472,-0.0283601,-0.0282663,-0.0281657,-0.0280584,-0.0279442,-0.0278231,-0.027695,-0.0275599,-0.0274177,-0.0272682,-0.0271115,-0.0269475,-0.0267759,-0.0265968,-0.0264101,-0.0262155,-0.0260131,-0.0258027,-0.0255841,-0.0253573,-0.025122,-0.0248782,-0.0246257,-0.0243643,-0.0240939,-0.0238143,-0.0235252,-0.0232266,-0.0229181,-0.0225996,-0.0222709,-0.0219316,-0.0215816,-0.0212206,-0.0208484,-0.0204645,-0.0200687,-0.0196607,-0.0192401,-0.0188065,-0.0183597,-0.017899,-0.0174243,-0.0169348,-0.0164303,-0.0159101,-0.0153737,-0.0148205,-0.01425,-0.0136613,-0.0130539,-0.012427,-0.0117797,-0.0111112,-0.0104207,-0.00970714,-0.0089695,-0.00820669,-0.00741757,-0.00660094,-0.00575552,-0.00487996,-0.00397289,-0.00303286,-0.00205839,-0.00104795,1.21258e-26
0,-0.00108902,-0.00214044,-0.00315571,-0.00413628,-0.00508354,-0.00599886,-0.00688357,-0.00773895,-0.00856622,-0.00936654,-0.010141,-0.0108908,-0.0116168,-0.0123199,-0.0130011,-0.0136613,-0.0143012,-0.0149216,-0.0155231,-0.0161065,-0.0166724,-0.0172214,-0.0177539,-0.0182707,-0.0187721,-0.0192587,-0.0197308,-0.0201889,-0.0206334,-0.0210647,-0.0214832,-0.0218891,-0.0222828,-0.0226646,-0.0230348,-0.0233936,-0.0237414,-0.0240784,-0.0244048,-0.0247209,-0.0250268,-0.0253227,-0.025609,-0.0258856,-0.0261529,-0.026411,-0.0266601,-0.0269002,-0.0271317,-0.0273545,-0.0275688,-0.0277748,-0.0279726,-0.0281623,-0.028344,-0.0285177,-0.0286837,-0.028842,-0.0289926,-0.0291357,-0.0292714,-0.0293996,-0.0295206,-0.0296343,-0.0297408,-0.0298402,-0.0299325,-0.0300178,-0.0300961,-0.0301675,-0.0302319,-0.0302895,-0.0303402,-0.0303841,-0.0304212,-0.0304516,-0.0304752,-0.030492,-0.0305021,-0.0305055,-0.0305021,-0.030492,-0.0304752,-0.0304516,-0.0304212,-0.0303841,-0.0303402,-0.0302895,-0.0302319,-0.0301675,-0.0300961,-0.0300178,-0.0299325,-0.0298402,-0.0297408,-0.0296343,-0.0295206,-0.0293996,-0.0292714,-0.0291357,-0.0289926,-0.028842,-0.0286837,-0.0285177,-0.028344,-0.0281623,-0.0279726,-0.0277748,-0.0275688,-0.0273545,-0.0271317,-0.0269002,-0.0266601,-0.026411,-0.0261529,-0.0258856,-0.025609,-0.0253227,-0.0250268,-0.0247209,-0.0244048,-0.0240784,-0.0237414,-0.0233936,-0.0230348,-0.0226646,-0.0222828,-0.0218891,-0.0214832,-0.0210647,-0.0206334,-0.0201889,-0.0197308,-0.0192587,-0.0187721,-0.0182707,-0.0177539,-0.0172214,-0.0166724,-0.0161065,-0.0155231,-0.0149216,-0.0143012,-0.0136613,-0.0130011,-0.0123199,-0.0116168,-0.0108908,-0.010141,-0.00936654,-0.00856622,-0.00773895,-0.00688357,-0.00599886,-0.00508354,-0.00413628,-0.00315571,-0.00214044,-0.00108902,-9.10203e-27
0,-0.00112863,-0.00221957,-0.00327422,-0.00429391,-0.00527999,-0.00623376,-0.00715648,-0.00804938,-0.00891363,-0.00975036,-0.0105607,-0.0113456,-0.012106,-0.012843,-0.0135574,-0.01425,-0.0149216,-0.0155729,-0.0162048,-0.0168178,-0.0174126,-0.0179897,-0.0185499,-0.0190934,-0.019621,-0.0201331,-0.02063,-0.0211123,-0.0215804,-0.0220346,-0.0224754,-0.022903,-0.0233178,-0.0237201,-0.0241102,-0.0244884,-0.024855,-0.0252103,-0.0255544,-0.0258876,-0.0262102,-0.0265223,-0.0268241,-0.0271159,-0.0273978,-0.0276701,-0.0279328,-0.0281861,-0.0284303,-0.0286653,-0.0288915,-0.0291088,-0.0293175,-0.0295176,-0.0297093,-0.0298927,-0.0300678,-0.0302349,-0.0303938,-0.0305449,-0.030688,-0.0308234,-0.0309511,-0.0310711,-0.0311835,-0.0312884,-0.0313858,-0.0314758,-0.0315585,-0.0316338,-0.0317018,-0.0317626,-0.0318161,-0.0318625,-0.0319017,-0.0319337,-0.0319586,-0.0319764,-0.031987,-0.0319906,-0.031987,-0.0319764,-0.0319586,-0.0319337,-0.0319017,-0.0318625,-0.0318161,-0.0317626,-0.0317018,-0.0316338,-0.0315585,-0.0314758,-0.0313858,-0.0312884,-0.0311835,-0.0310711,-0.0309511,-0.0308234,-0.030688,-0.0305449,-0.0303938,-0.0302349,-0.0300678,-0.0298927,-0.0297093,-0.0295176,-0.0293175,-0.0291088,-0.0288915,-0.0286653,-0.0284303,-0.0281861,-0.0279328,-0.0276701,-0.0273978,-0.0271159,-0.0268241,-0.0265223,-0.0262102,-0.0258876,-0.0255544,-0.0252103,-0.024855,-0.0244884,-0.0241102,-0.0237201,-0.0233178,-0.022903,-0.0224754,-0.0220346,-0.0215804,-0.0211123,-0.02063,-0.0201331,-0.019621,-0.0190934,-0.0185499,-0.0179897,-0.0174126,-0.0168178,-0.0162048,-0.0155729,-0.0149216,-0.01425,-0.0135574,-0.012843,-0.012106,-0.0113456,-0.0105607,-0.00975036,-0.00891363,-0.00804938,-0.00715648,-0.00623376,-0.00527999,-0.00429391,-0.00327422,-0.00221957,-0.00112863,1.36416e-26
0,-0.00116685,-0.00229596,-0.00338861,-0.0044461,-0.0054697,-0.00646065,-0.00742016,-0.0083494,-0.00924951,-0.0101216,-0.0109666,-0.0117857,-0.0125797,-0.0133496,-0.0140963,-0.0148205,-0.0155231,-0.0162048,-0.0168663,-0.0175083,-0.0181314,-0.0187362,-0.0193232,-0.0198931,-0.0204464,-0.0209835,-0.0215048,-0.0220109,-0.0225022,-0.022979,-0.0234417,-0.0238906,-0.0243262,-0.0247487,-0.0251585,-0.0255558,-0.025941,-0.0263142,-0.0266758,-0.027026,-0.027365,-0.027693,-0.0280103,-0.028317,-0.0286134,-0.0288996,-0.0291758,-0.0294422,-0.0296989,-0.0299461,-0.0301839,-0.0304125,-0.0306319,-0.0308424,-0.031044,-0.0312369,-0.0314211,-0.0315968,-0.031764,-0.0319229,-0.0320734,-0.0322159,-0.0323501,-0.0324764,-0.0325947,-0.032705,-0.0328075,-0.0329022,-0.0329892,-0.0330684,-0.03314,-0.0332039,-0.0332603,-0.033309,-0.0333502,-0.0333839,-0.0334101,-0.0334288,-0.0334401,-0.0334438,-0.0334401,-0.0334288,-0.0334101,-0.0333839,-0.0333502,-0.033309,-0.0332603,-0.0332039,-0.03314,-0.0330684,-0.0329892,-0.0329022,-0.0328075,-0.032705,-0.0325947,-0.0324764,-0.0323501,-0.0322159,-0.0320734,-0.0319229,-0.031764,-0.0315968,-0.0314211,-0.0312369,-0.031044,-0.0308424,-0.0306319,-0.0304125,-0.0301839,-0.0299461,-0.0296989,-0.0294422,-0.0291758,-0.0288996,-0.0286134,-0.028317,-0.0280103,-0.027693,-0.027365,-0.027026,-0.0266758,-0.0263142,-0.025941,-0.0255558,-0.0251585,-0.0247487,-0.0243262,-0.0238906,-0.0234417,-0.022979,-0.0225022,-0.0220109,-0.0215048,-0.0209835,-0.0204464,-0.0198931,-0.0193232,-0.0187362,-0.0181314,-0.0175083,-0.0168663,-0.0162048,-0.0155231,-0.0148205,-0.0140963,-0.0133496,-0.0125797,-0.0117857,-0.0109666,-0.0101216,-0.00924951,-0.0083494,-0.00742016,-0.00646065,-0.0054697,-0.0044461,-0.00338861,-0.00229596,-0.00116685,3.63851e-26
0,-0.00120377,-0.00236972,-0.0034991,-0.00459312,-0.005653,-0.00667993,-0.00767505,-0.0086395,-0.00957437,-0.0104807,-0.0113595,-0.0122118,-0.0130385,-0.0138405,-0.0146186,-0.0153737,-0.0161065,-0.0168178,-0.0175083,-0.0181786,-0.0188294,-0.0194612,-0.0200748,-0.0206705,-0.0212489,-0.0218106,-0.0223559,-0.0228854,-0.0233994,-0.0238983,-0.0243826,-0.0248526,-0.0253087,-0.0257511,-0.0261803,-0.0265964,-0.0269998,-0.0273908,-0.0277696,-0.0281365,-0.0284917,-0.0288355,-0.029168,-0.0294895,-0.0298001,-0.0301001,-0.0303896,-0.0306689,-0.030938,-0.0311972,-0.0314465,-0.0316862,-0.0319163,-0.032137,-0.0323484,-0.0325507,-0.0327439,-0.0329281,-0.0331035,-0.0332701,-0.033428,-0.0335774,-0.0337183,-0.0338507,-0.0339747,-0.0340905,-0.034198,-0.0342974,-0.0343886,-0.0344717,-0.0345468,-0.0346138,-0.0346729,-0.0347241,-0.0347673,-0.0348027,-0.0348302,-0.0348498,-0.0348615,-0.0348655,-0.0348615,-0.0348498,-0.0348302,-0.0348027,-0.0347673,-0.0347241,-0.0346729,-0.0346138,-0.0345468,-0.0344717,-0.0343886,-0.0342974,-0.034198,-0.0340905,-0.0339747,-0.0338507,-0.0337183,-0.0335774,-0.033428,-0.0332701,-0.0331035,-0.0329281,-0.0327439,-0.0325507,-0.0323484,-0.032137,-0.0319163,-0.0316862,-0.0314465,-0.0311972,-0.030938,-0.0306689,-0.0303896,-0.0301001,-0.0298001,-0.0294895,-0.029168,-0.0288355,-0.0284917,-0.0281365,-0.0277696,-0.0273908,-0.0269998,-0.0265964,-0.0261803,-0.0257511,-0.0253087,-0.0248526,-0.0243826,-0.0238983,-0.0233994,-0.0228854,-0.0223559,-0.0218106,-0.0212489,-0.0206705,-0.0200748,-0.0194612,-0.0188294,-0.0181786,-0.0175083,-0.0168178,-0.0161065,-0.0153737,-0.0146186,-0.0138405,-0.0130385,-0.0122118,-0.0113595,-0.0104807,-0.00957437,-0.0086395,-0.00767505,-0.00667993,-0.005653,-0.00459312,-0.0034991,-0.00236972,-0.00120377,1.51573e-26
0,-0.00123944,-0.00244101,-0.00360588,-0.00473523,-0.0058302,-0.00689195,-0.00792156,-0.00892013,-0.00988871,-0.0108283,-0.0117399,-0.0126245,-0.013483,-0.0143162,-0.0151249,-0.0159101,-0.0166724,-0.0174126,-0.0181314,-0.0188294,-0.0195072,-0.0201656,-0.020805,-0.021426,-0.0220292,-0.022615,-0.0231838,-0.0237362,-0.0242726,-0.0247933,-0.0252989,-0.0257896,-0.0262657,-0.0267278,-0.027176,-0.0276106,-0.0280321,-0.0284405,-0.0288363,-0.0292197,-0.0295909,-0.0299502,-0.0302977,-0.0306337,-0.0309584,-0.0312721,-0.0315748,-0.0318667,-0.0321481,-0.0324191,-0.0326798,-0.0329304,-0.0331711,-0.0334019,-0.033623,-0.0338345,-0.0340366,-0.0342293,-0.0344127,-0.034587,-0.0347522,-0.0349084,-0.0350558,-0.0351943,-0.0353241,-0.0354452,-0.0355577,-0.0356616,-0.035757,-0.035844,-0.0359225,-0.0359927,-0.0360545,-0.036108,-0.0361533,-0.0361903,-0.036219,-0.0362395,-0.0362519,-0.036256,-0.0362519,-0.0362395,-0.036219,-0.0361903,-0.0361533,-0.036108,-0.0360545,-0.0359927,-0.0359225,-0.035844,-0.035757,-0.0356616,-0.0355577,-0.0354452,-0.0353241,-0.0351943,-0.0350558,-0.0349084,-0.0347522,-0.034587,-0.0344127,-0.0342293,-0.0340366,-0.0338345,-0.033623,-0.0334019,-0.0331711,-0.0329304,-0.0326798,-0.0324191,-0.0321481,-0.0318667,-0.0315748,-0.0312721,-0.0309584,-0.0306337,-0.0302977,-0.0299502,-0.0295909,-0.0292197,-0.0288363,-0.0284405,-0.0280321,-0.0276106,-0.027176,-0.0267278,-0.0262657,-0.0257896,-0.0252989,-0.0247933,-0.0242726,-0.0237362,-0.0231838,-0.022615,-0.0220292,-0.021426,-0.020805,-0.0201656,-0.0195072,-0.0188294,-0.0181314,-0.0174126,-0.0166724,-0.0159101,-0.0151249,-0.0143162,-0.013483,-0.0126245,-0.0117399,-0.0108283,-0.00988871,-0.00892013,-0.00792156,-0.00689195,-0.0058302,-0.00473523,-0.00360588,-0.00244101,-0.00123944,-6.07057e-27
